"threshold","percentile_sum","cumulative_sum"
0.0,37,691457184
0.0001,2068,691457147
0.0002,13854,691455079
0.0003,48124,691441225
0.0004,122425,691393101
0.0005,257975,691270676
0.0006,473016,691012701
0.0007,773370,690539685
0.0008,1139319,689766315
0.0009,1549086,688626996
0.001,1972744,687077910
0.0011,2379906,685105166
0.0012,2748600,682725260
0.0013,3067342,679976660
0.0014,3318426,676909318
0.0015,3517084,673590892
0.0016,3676924,670073808
0.0017,3813203,666396884
0.0018,3933368,662583681
0.0019,4032194,658650313
0.002,4131452,654618119
0.0021,4212352,650486667
0.0022,4303447,646274315
0.0023,4387773,641970868
0.0024,4467854,637583095
0.0025,4543621,633115241
0.0026,4608066,628571620
0.0027,4727376,623963554
0.0028,4744713,619236178
0.0029,4787766,614491465
0.003,4822632,609703699
0.0031,4857710,604881067
0.0032,4884312,600023357
0.0033,4910779,595139045
0.0034,4935516,590228266
0.0035,4947550,585292750
0.0036,4954089,580345200
0.0037,4962485,575391111
0.0038,4971084,570428626
0.0039,4967136,565457542
0.004,4968035,560490406
0.0041,4948820,555522371
0.0042,4941131,550573551
0.0043,4935065,545632420
0.0044,4908981,540697355
0.0045,4874046,535788374
0.0046,4864159,530914328
0.0047,4834132,526050169
0.0048,4808017,521216037
0.0049,4771322,516408020
0.005,4744958,511636698
0.0051,4710827,506891740
0.0052,4672173,502180913
0.0053,4660630,497508740
0.0054,4623470,492848110
0.0055,4578221,488224640
0.0056,4553138,483646419
0.0057,4525154,479093281
0.0058,4498536,474568127
0.0059,4458381,470069591
0.006,4427044,465611210
0.0061,4400274,461184166
0.0062,4362952,456783892
0.0063,4337484,452420940
0.0064,4322654,448083456
0.0065,4272545,443760802
0.0066,4234826,439488257
0.0067,4220130,435253431
0.0068,4187706,431033301
0.0069,4149619,426845595
0.007,4149732,422695976
0.0071,4102079,418546244
0.0072,4055749,414444165
0.0073,4032277,410388416
0.0074,4014389,406356139
0.0075,4248240,402341750
0.0076,4177002,398093510
0.0077,4017840,393916508
0.0078,3942179,389898668
0.0079,3896953,385956489
0.008,3881376,382059536
0.0081,3811765,378178160
0.0082,3760156,374366395
0.0083,3696998,370606239
0.0084,3653646,366909241
0.0085,3630455,363255595
0.0086,3589647,359625140
0.0087,3557189,356035493
0.0088,3513641,352478304
0.0089,3475588,348964663
0.009,3460930,345489075
0.0091,3409146,342028145
0.0092,3368580,338618999
0.0093,3346426,335250419
0.0094,3306921,331903993
0.0095,3268377,328597072
0.0096,3236193,325328695
0.0097,3224249,322092502
0.0098,3165931,318868253
0.0099,3137239,315702322
0.01,3118489,312565083
0.0101,4151394,309446594
0.0102,3051212,305295200
0.0103,3016911,302243988
0.0104,2989464,299227077
0.0105,2959674,296237613
0.0106,2932957,293277939
0.0107,2899123,290344982
0.0108,2878042,287445859
0.0109,2839961,284567817
0.011,2811601,281727856
0.0111,2791453,278916255
0.0112,2761649,276124802
0.0113,2731853,273363153
0.0114,2708437,270631300
0.0115,2673626,267922863
0.0116,2652212,265249237
0.0117,2620827,262597025
0.0118,2600502,259976198
0.0119,2573624,257375696
0.012,2539929,254802072
0.0121,2521346,252262143
0.0122,2495557,249740797
0.0123,2474534,247245240
0.0124,2449495,244770706
0.0125,2425041,242321211
0.0126,2405316,239896170
0.0127,2383130,237490854
0.0128,2356160,235107724
0.0129,2328475,232751564
0.013,2309192,230423089
0.0131,2284777,228113897
0.0132,2269760,225829120
0.0133,2243148,223559360
0.0134,2225756,221316212
0.0135,2201144,219090456
0.0136,2183350,216889312
0.0137,2156751,214705962
0.0138,2136072,212549211
0.0139,2117295,210413139
0.014,2098866,208295844
0.0141,2077074,206196978
0.0142,2057810,204119904
0.0143,2041073,202062094
0.0144,2019010,200021021
0.0145,1998955,198002011
0.0146,1977212,196003056
0.0147,1960348,194025844
0.0148,1940142,192065496
0.0149,1919559,190125354
0.015,1901844,188205795
0.0151,1880232,186303951
0.0152,1861645,184423719
0.0153,1846396,182562074
0.0154,1828040,180715678
0.0155,1807740,178887638
0.0156,1789539,177079898
0.0157,1772523,175290359
0.0158,1756547,173517836
0.0159,1738614,171761289
0.016,1722088,170022675
0.0161,1705170,168300587
0.0162,1687569,166595417
0.0163,1673277,164907848
0.0164,1654586,163234571
0.0165,1639668,161579985
0.0166,1620808,159940317
0.0167,1606580,158319509
0.0168,1592508,156712929
0.0169,1576135,155120421
0.017,1559785,153544286
0.0171,1543648,151984501
0.0172,1527138,150440853
0.0173,1516615,148913715
0.0174,1496895,147397100
0.0175,1485763,145900205
0.0176,1469347,144414442
0.0177,1454518,142945095
0.0178,1435450,141490577
0.0179,1423912,140055127
0.018,1408952,138631215
0.0181,1396128,137222263
0.0182,1382138,135826135
0.0183,1369010,134443997
0.0184,1353847,133074987
0.0185,1342716,131721140
0.0186,1324655,130378424
0.0187,1314358,129053769
0.0188,1299183,127739411
0.0189,1292173,126440228
0.019,1271138,125148055
0.0191,1262475,123876917
0.0192,1247071,122614442
0.0193,1233563,121367371
0.0194,1223113,120133808
0.0195,1213481,118910695
0.0196,1197899,117697214
0.0197,1187376,116499315
0.0198,1174998,115311939
0.0199,1159440,114136941
0.02,1146818,112977501
0.0201,1137663,111830683
0.0202,1126445,110693020
0.0203,1113274,109566575
0.0204,1103201,108453301
0.0205,1091121,107350100
0.0206,1079804,106258979
0.0207,1065447,105179175
0.0208,1060264,104113728
0.0209,1044208,103053464
0.021,1038597,102009256
0.0211,1025117,100970659
0.0212,1013233,99945542
0.0213,1003994,98932309
0.0214,992623,97928315
0.0215,983119,96935692
0.0216,974927,95952573
0.0217,962263,94977646
0.0218,954168,94015383
0.0219,943935,93061215
0.022,933653,92117280
0.0221,924220,91183627
0.0222,909413,90259407
0.0223,904548,89349994
0.0224,894732,88445446
0.0225,882384,87550714
0.0226,876524,86668330
0.0227,870166,85791806
0.0228,855781,84921640
0.0229,847194,84065859
0.023,838911,83218665
0.0231,829205,82379754
0.0232,823280,81550549
0.0233,812318,80727269
0.0234,803430,79914951
0.0235,797874,79111521
0.0236,788287,78313647
0.0237,780145,77525360
0.0238,767839,76745215
0.0239,762672,75977376
0.024,754450,75214704
0.0241,746145,74460254
0.0242,742607,73714109
0.0243,730364,72971502
0.0244,722350,72241138
0.0245,717014,71518788
0.0246,709019,70801774
0.0247,698319,70092755
0.0248,693839,69394436
0.0249,685996,68700597
0.025,675957,68014601
0.0251,672149,67338644
0.0252,666766,66666495
0.0253,658012,65999729
0.0254,651631,65341717
0.0255,643815,64690086
0.0256,637284,64046271
0.0257,629769,63408987
0.0258,625157,62779218
0.0259,616888,62154061
0.026,609669,61537173
0.0261,605712,60927504
0.0262,597700,60321792
0.0263,589554,59724092
0.0264,584270,59134538
0.0265,578278,58550268
0.0266,573748,57971990
0.0267,567947,57398242
0.0268,561072,56830295
0.0269,553489,56269223
0.027,549486,55715734
0.0271,540883,55166248
0.0272,536965,54625365
0.0273,529846,54088400
0.0274,524194,53558554
0.0275,521180,53034360
0.0276,515571,52513180
0.0277,510546,51997609
0.0278,505181,51487063
0.0279,497346,50981882
0.028,493430,50484536
0.0281,488508,49991106
0.0282,483279,49502598
0.0283,477509,49019319
0.0284,474151,48541810
0.0285,468201,48067659
0.0286,463511,47599458
0.0287,459476,47135947
0.0288,452870,46676471
0.0289,450676,46223601
0.029,441895,45772925
0.0291,439597,45331030
0.0292,433840,44891433
0.0293,430332,44457593
0.0294,425925,44027261
0.0295,419198,43601336
0.0296,415894,43182138
0.0297,413553,42766244
0.0298,406509,42352691
0.0299,401709,41946182
0.03,399634,41544473
0.0301,396337,41144839
0.0302,392199,40748502
0.0303,387946,40356303
0.0304,382106,39968357
0.0305,377633,39586251
0.0306,373125,39208618
0.0307,370753,38835493
0.0308,365630,38464740
0.0309,361835,38099110
0.031,360159,37737275
0.0311,355435,37377116
0.0312,350773,37021681
0.0313,348721,36670908
0.0314,344918,36322187
0.0315,342147,35977269
0.0316,337962,35635122
0.0317,333180,35297160
0.0318,328390,34963980
0.0319,326695,34635590
0.032,323078,34308895
0.0321,320049,33985817
0.0322,317997,33665768
0.0323,313759,33347771
0.0324,310357,33034012
0.0325,305998,32723655
0.0326,305039,32417657
0.0327,301386,32112618
0.0328,297033,31811232
0.0329,294861,31514199
0.033,291116,31219338
0.0331,287088,30928222
0.0332,286218,30641134
0.0333,282259,30354916
0.0334,279305,30072657
0.0335,278714,29793352
0.0336,274783,29514638
0.0337,270908,29239855
0.0338,267560,28968947
0.0339,263612,28701387
0.034,263097,28437775
0.0341,259739,28174678
0.0342,257794,27914939
0.0343,253277,27657145
0.0344,250564,27403868
0.0345,250208,27153304
0.0346,247707,26903096
0.0347,242313,26655389
0.0348,241500,26413076
0.0349,240936,26171576
0.035,235959,25930640
0.0351,233857,25694681
0.0352,232792,25460824
0.0353,228619,25228032
0.0354,227196,24999413
0.0355,223881,24772217
0.0356,222344,24548336
0.0357,219969,24325992
0.0358,219097,24106023
0.0359,215392,23886926
0.036,214056,23671534
0.0361,211413,23457478
0.0362,208015,23246065
0.0363,205663,23038050
0.0364,206158,22832387
0.0365,202479,22626229
0.0366,202254,22423750
0.0367,198988,22221496
0.0368,198534,22022508
0.0369,194708,21823974
0.037,192903,21629266
0.0371,190953,21436363
0.0372,189412,21245410
0.0373,187094,21055998
0.0374,185400,20868904
0.0375,183959,20683504
0.0376,181464,20499545
0.0377,180744,20318081
0.0378,178840,20137337
0.0379,177472,19958497
0.038,176946,19781025
0.0381,173293,19604079
0.0382,171450,19430786
0.0383,170770,19259336
0.0384,168288,19088566
0.0385,165257,18920278
0.0386,163888,18755021
0.0387,163726,18591133
0.0388,161195,18427407
0.0389,159583,18266212
0.039,158406,18106629
0.0391,157279,17948223
0.0392,154979,17790944
0.0393,153403,17635965
0.0394,153885,17482562
0.0395,150218,17328677
0.0396,148574,17178459
0.0397,147781,17029885
0.0398,146975,16882104
0.0399,143670,16735129
0.04,143062,16591459
0.0401,141575,16448397
0.0402,140079,16306822
0.0403,138430,16166743
0.0404,137495,16028313
0.0405,136048,15890818
0.0406,133745,15754770
0.0407,133544,15621025
0.0408,131481,15487481
0.0409,131209,15356000
0.041,130981,15224791
0.0411,128625,15093810
0.0412,127074,14965185
0.0413,124892,14838111
0.0414,124836,14713219
0.0415,121852,14588383
0.0416,122750,14466531
0.0417,121064,14343781
0.0418,120017,14222717
0.0419,117150,14102700
0.042,117790,13985550
0.0421,116637,13867760
0.0422,115097,13751123
0.0423,113985,13636026
0.0424,112910,13522041
0.0425,110586,13409131
0.0426,110171,13298545
0.0427,110367,13188374
0.0428,108151,13078007
0.0429,107733,12969856
0.043,105593,12862123
0.0431,105794,12756530
0.0432,104692,12650736
0.0433,103871,12546044
0.0434,103078,12442173
0.0435,101127,12339095
0.0436,100397,12237968
0.0437,99879,12137571
0.0438,99541,12037692
0.0439,98062,11938151
0.044,97477,11840089
0.0441,95861,11742612
0.0442,94761,11646751
0.0443,94137,11551990
0.0444,93799,11457853
0.0445,91780,11364054
0.0446,92416,11272274
0.0447,90369,11179858
0.0448,90575,11089489
0.0449,88829,10998914
0.045,88103,10910085
0.0451,87744,10821982
0.0452,86234,10734238
0.0453,85418,10648004
0.0454,84010,10562586
0.0455,83783,10478576
0.0456,82555,10394793
0.0457,82872,10312238
0.0458,81129,10229366
0.0459,81213,10148237
0.046,79369,10067024
0.0461,78670,9987655
0.0462,78635,9908985
0.0463,77772,9830350
0.0464,78120,9752578
0.0465,75844,9674458
0.0466,75459,9598614
0.0467,74992,9523155
0.0468,74653,9448163
0.0469,74515,9373510
0.047,72489,9298995
0.0471,72462,9226506
0.0472,71747,9154044
0.0473,70367,9082297
0.0474,69939,9011930
0.0475,70085,8941991
0.0476,68180,8871906
0.0477,68919,8803726
0.0478,67461,8734807
0.0479,66615,8667346
0.048,66449,8600731
0.0481,66356,8534282
0.0482,65643,8467926
0.0483,64965,8402283
0.0484,63971,8337318
0.0485,63897,8273347
0.0486,62482,8209450
0.0487,62644,8146968
0.0488,62665,8084324
0.0489,61144,8021659
0.049,60047,7960515
0.0491,60547,7900468
0.0492,60081,7839921
0.0493,59031,7779840
0.0494,59085,7720809
0.0495,57810,7661724
0.0496,57246,7603914
0.0497,56361,7546668
0.0498,56459,7490307
0.0499,56412,7433848
0.05,56101,7377436
0.0501,54637,7321335
0.0502,54987,7266698
0.0503,54263,7211711
0.0504,53256,7157448
0.0505,53149,7104192
0.0506,52388,7051043
0.0507,52339,6998655
0.0508,51956,6946316
0.0509,50947,6894360
0.051,51035,6843413
0.0511,50035,6792378
0.0512,50263,6742343
0.0513,49736,6692080
0.0514,49187,6642344
0.0515,48783,6593157
0.0516,48172,6544374
0.0517,47986,6496202
0.0518,47330,6448216
0.0519,45818,6400886
0.052,46190,6355068
0.0521,46117,6308878
0.0522,45601,6262761
0.0523,45868,6217160
0.0524,44835,6171292
0.0525,43643,6126457
0.0526,44325,6082814
0.0527,43279,6038489
0.0528,42619,5995210
0.0529,42915,5952591
0.053,42642,5909676
0.0531,42313,5867034
0.0532,41395,5824721
0.0533,41400,5783326
0.0534,41291,5741926
0.0535,41104,5700635
0.0536,40649,5659531
0.0537,40535,5618882
0.0538,39707,5578347
0.0539,39039,5538640
0.054,38570,5499601
0.0541,38668,5461031
0.0542,38344,5422363
0.0543,38292,5384019
0.0544,37843,5345727
0.0545,37523,5307884
0.0546,37161,5270361
0.0547,37176,5233200
0.0548,36669,5196024
0.0549,36670,5159355
0.055,35808,5122685
0.0551,35396,5086877
0.0552,35090,5051481
0.0553,34665,5016391
0.0554,34652,4981726
0.0555,33839,4947074
0.0556,34288,4913235
0.0557,33154,4878947
0.0558,33547,4845793
0.0559,33542,4812246
0.056,32752,4778704
0.0561,32651,4745952
0.0562,32930,4713301
0.0563,31314,4680371
0.0564,31357,4649057
0.0565,32142,4617700
0.0566,31135,4585558
0.0567,30667,4554423
0.0568,30609,4523756
0.0569,30812,4493147
0.057,29825,4462335
0.0571,30111,4432510
0.0572,29669,4402399
0.0573,29636,4372730
0.0574,28757,4343094
0.0575,29051,4314337
0.0576,28725,4285286
0.0577,28925,4256561
0.0578,28718,4227636
0.0579,27590,4198918
0.058,27741,4171328
0.0581,27012,4143587
0.0582,26853,4116575
0.0583,26960,4089722
0.0584,26283,4062762
0.0585,26704,4036479
0.0586,26506,4009775
0.0587,26375,3983269
0.0588,24988,3956894
0.0589,26016,3931906
0.059,25567,3905890
0.0591,25433,3880323
0.0592,25265,3854890
0.0593,24725,3829625
0.0594,24600,3804900
0.0595,24082,3780300
0.0596,24221,3756218
0.0597,23820,3731997
0.0598,23912,3708177
0.0599,23354,3684265
0.06,24130,3660911
0.0601,23445,3636781
0.0602,23305,3613336
0.0603,22820,3590031
0.0604,22550,3567211
0.0605,22129,3544661
0.0606,22595,3522532
0.0607,22625,3499937
0.0608,21719,3477312
0.0609,21785,3455593
0.061,21470,3433808
0.0611,21443,3412338
0.0612,21531,3390895
0.0613,21316,3369364
0.0614,21213,3348048
0.0615,20498,3326835
0.0616,20892,3306337
0.0617,20857,3285445
0.0618,20230,3264588
0.0619,19810,3244358
0.062,20038,3224548
0.0621,19773,3204510
0.0622,19401,3184737
0.0623,19377,3165336
0.0624,19279,3145959
0.0625,18843,3126680
0.0626,19055,3107837
0.0627,18618,3088782
0.0628,18668,3070164
0.0629,18726,3051496
0.063,18671,3032770
0.0631,18066,3014099
0.0632,18265,2996033
0.0633,18112,2977768
0.0634,17816,2959656
0.0635,17755,2941840
0.0636,17235,2924085
0.0637,17508,2906850
0.0638,17750,2889342
0.0639,17458,2871592
0.064,17457,2854134
0.0641,16807,2836677
0.0642,16549,2819870
0.0643,16640,2803321
0.0644,16635,2786681
0.0645,16525,2770046
0.0646,16361,2753521
0.0647,16183,2737160
0.0648,16073,2720977
0.0649,16000,2704904
0.065,15390,2688904
0.0651,16006,2673514
0.0652,15659,2657508
0.0653,15645,2641849
0.0654,15216,2626204
0.0655,15238,2610988
0.0656,15167,2595750
0.0657,15461,2580583
0.0658,14958,2565122
0.0659,15057,2550164
0.066,14365,2535107
0.0661,14556,2520742
0.0662,14715,2506186
0.0663,14350,2491471
0.0664,14077,2477121
0.0665,13920,2463044
0.0666,13973,2449124
0.0667,13868,2435151
0.0668,13857,2421283
0.0669,13902,2407426
0.067,13154,2393524
0.0671,13076,2380370
0.0672,13212,2367294
0.0673,13220,2354082
0.0674,13060,2340862
0.0675,13194,2327802
0.0676,12992,2314608
0.0677,12733,2301616
0.0678,12799,2288883
0.0679,12763,2276084
0.068,12658,2263321
0.0681,12515,2250663
0.0682,12242,2238148
0.0683,12072,2225906
0.0684,12152,2213834
0.0685,11777,2201682
0.0686,11966,2189905
0.0687,12141,2177939
0.0688,11646,2165798
0.0689,11595,2154152
0.069,11533,2142557
0.0691,11618,2131024
0.0692,11321,2119406
0.0693,11553,2108085
0.0694,11294,2096532
0.0695,11034,2085238
0.0696,10903,2074204
0.0697,11253,2063301
0.0698,10946,2052048
0.0699,10804,2041102
0.07,10688,2030298
0.0701,10778,2019610
0.0702,10587,2008832
0.0703,10412,1998245
0.0704,10414,1987833
0.0705,10161,1977419
0.0706,10262,1967258
0.0707,10057,1956996
0.0708,10052,1946939
0.0709,10133,1936887
0.071,10125,1926754
0.0711,9900,1916629
0.0712,9882,1906729
0.0713,9988,1896847
0.0714,9851,1886859
0.0715,9666,1877008
0.0716,9443,1867342
0.0717,9690,1857899
0.0718,9470,1848209
0.0719,9447,1838739
0.072,9125,1829292
0.0721,9597,1820167
0.0722,9170,1810570
0.0723,9246,1801400
0.0724,9465,1792154
0.0725,8827,1782689
0.0726,8873,1773862
0.0727,8731,1764989
0.0728,9112,1756258
0.0729,9259,1747146
0.073,8749,1737887
0.0731,8502,1729138
0.0732,8622,1720636
0.0733,8568,1712014
0.0734,8507,1703446
0.0735,8827,1694939
0.0736,8460,1686112
0.0737,8548,1677652
0.0738,7980,1669104
0.0739,7973,1661124
0.074,7789,1653151
0.0741,8401,1645362
0.0742,8123,1636961
0.0743,7777,1628838
0.0744,8097,1621061
0.0745,7824,1612964
0.0746,7740,1605140
0.0747,7556,1597400
0.0748,7512,1589844
0.0749,7645,1582332
0.075,7512,1574687
0.0751,7599,1567175
0.0752,7432,1559576
0.0753,7240,1552144
0.0754,7220,1544904
0.0755,7121,1537684
0.0756,7454,1530563
0.0757,7221,1523109
0.0758,7117,1515888
0.0759,6897,1508771
0.076,7193,1501874
0.0761,7021,1494681
0.0762,7049,1487660
0.0763,7078,1480611
0.0764,6857,1473533
0.0765,6900,1466676
0.0766,6779,1459776
0.0767,6940,1452997
0.0768,6476,1446057
0.0769,6616,1439581
0.077,6603,1432965
0.0771,6892,1426362
0.0772,6807,1419470
0.0773,6290,1412663
0.0774,6304,1406373
0.0775,6288,1400069
0.0776,6214,1393781
0.0777,6396,1387567
0.0778,6263,1381171
0.0779,6377,1374908
0.078,6322,1368531
0.0781,1362209,1362209
