"threshold","percentile_sum","cumulative_sum"
0.0,140966,691457184
0.0001,3115104,691316218
0.0002,10646254,688201114
0.0003,17130086,677554860
0.0004,19697713,660424774
0.0005,20185231,640727061
0.0006,20238645,620541830
0.0007,20200899,600303185
0.0008,20101525,580102286
0.0009,19837039,560000761
0.001,19360249,540163722
0.0011,18705737,520803473
0.0012,17991236,502097736
0.0013,17222550,484106500
0.0014,16534844,466883950
0.0015,15730898,450349106
0.0016,14898186,434618208
0.0017,14110877,419720022
0.0018,13279583,405609145
0.0019,12518039,392329562
0.002,11810964,379811523
0.0021,11166378,368000559
0.0022,10637982,356834181
0.0023,10410454,346196199
0.0024,9498458,335785745
0.0025,8872808,326287287
0.0026,8288776,317414479
0.0027,7792511,309125703
0.0028,8431297,301333192
0.0029,6940263,292901895
0.003,6563137,285961632
0.0031,6179480,279398495
0.0032,5871061,273219015
0.0033,5574030,267347954
0.0034,5294684,261773924
0.0035,5050124,256479240
0.0036,4822557,251429116
0.0037,4609916,246606559
0.0038,4415787,241996643
0.0039,4225976,237580856
0.004,4052229,233354880
0.0041,3903108,229302651
0.0042,3750365,225399543
0.0043,3615874,221649178
0.0044,3486420,218033304
0.0045,3373247,214546884
0.0046,3265267,211173637
0.0047,3152605,207908370
0.0048,3059252,204755765
0.0049,2963875,201696513
0.005,2880498,198732638
0.0051,2797673,195852140
0.0052,2717428,193054467
0.0053,2647697,190337039
0.0054,2578733,187689342
0.0055,2510207,185110609
0.0056,2449711,182600402
0.0057,2385551,180150691
0.0058,2329355,177765140
0.0059,2280695,175435785
0.006,2231955,173155090
0.0061,2174717,170923135
0.0062,2126794,168748418
0.0063,2080463,166621624
0.0064,2041819,164541161
0.0065,2000052,162499342
0.0066,2018066,160499290
0.0067,1926076,158481224
0.0068,1889084,156555148
0.0069,1858092,154666064
0.007,1818475,152807972
0.0071,1789763,150989497
0.0072,1758080,149199734
0.0073,1725798,147441654
0.0074,1700107,145715856
0.0075,1664549,144015749
0.0076,1642252,142351200
0.0077,1617693,140708948
0.0078,1586719,139091255
0.0079,1568380,137504536
0.008,1541234,135936156
0.0081,1517088,134394922
0.0082,1497538,132877834
0.0083,1476323,131380296
0.0084,1452463,129903973
0.0085,1432147,128451510
0.0086,1410533,127019363
0.0087,1393433,125608830
0.0088,1372354,124215397
0.0089,1353930,122843043
0.009,1334151,121489113
0.0091,1317746,120154962
0.0092,1298770,118837216
0.0093,1286542,117538446
0.0094,1264826,116251904
0.0095,1243925,114987078
0.0096,1241119,113743153
0.0097,1213393,112502034
0.0098,1206613,111288641
0.0099,1185795,110082028
0.01,1175758,108896233
0.0101,1159885,107720475
0.0102,1148379,106560590
0.0103,1128846,105412211
0.0104,1115001,104283365
0.0105,1098062,103168364
0.0106,1080277,102070302
0.0107,1070026,100990025
0.0108,1052307,99919999
0.0109,1043811,98867692
0.011,1030086,97823881
0.0111,1015870,96793795
0.0112,1003515,95777925
0.0113,989869,94774410
0.0114,980220,93784541
0.0115,970446,92804321
0.0116,954017,91833875
0.0117,945128,90879858
0.0118,936671,89934730
0.0119,922495,88998059
0.012,913211,88075564
0.0121,903144,87162353
0.0122,896362,86259209
0.0123,885940,85362847
0.0124,889876,84476907
0.0125,868746,83587031
0.0126,856114,82718285
0.0127,846068,81862171
0.0128,835982,81016103
0.0129,825117,80180121
0.013,814273,79355004
0.0131,802176,78540731
0.0132,794089,77738555
0.0133,792472,76944466
0.0134,776705,76151994
0.0135,769440,75375289
0.0136,757973,74605849
0.0137,751730,73847876
0.0138,745800,73096146
0.0139,734884,72350346
0.014,727176,71615462
0.0141,718827,70888286
0.0142,710313,70169459
0.0143,706213,69459146
0.0144,692872,68752933
0.0145,685014,68060061
0.0146,679144,67375047
0.0147,671639,66695903
0.0148,665977,66024264
0.0149,658170,65358287
0.015,651169,64700117
0.0151,637748,64048948
0.0152,634450,63411200
0.0153,628307,62776750
0.0154,618500,62148443
0.0155,612971,61529943
0.0156,606934,60916972
0.0157,599656,60310038
0.0158,592953,59710382
0.0159,587118,59117429
0.016,580916,58530311
0.0161,572392,57949395
0.0162,564461,57377003
0.0163,562353,56812542
0.0164,553815,56250189
0.0165,546505,55696374
0.0166,544491,55149869
0.0167,535155,54605378
0.0168,529148,54070223
0.0169,524950,53541075
0.017,519265,53016125
0.0171,514082,52496860
0.0172,509868,51982778
0.0173,502079,51472910
0.0174,497062,50970831
0.0175,490248,50473769
0.0176,485036,49983521
0.0177,482700,49498485
0.0178,478576,49015785
0.0179,470363,48537209
0.018,467270,48066846
0.0181,460620,47599576
0.0182,452934,47138956
0.0183,450937,46686022
0.0184,443394,46235085
0.0185,439973,45791691
0.0186,437083,45351718
0.0187,431716,44914635
0.0188,427162,44482919
0.0189,420448,44055757
0.019,415453,43635309
0.0191,411455,43219856
0.0192,406195,42808401
0.0193,404586,42402206
0.0194,399087,41997620
0.0195,396998,41598533
0.0196,388547,41201535
0.0197,387214,40812988
0.0198,382065,40425774
0.0199,377259,40043709
0.02,373802,39666450
0.0201,369348,39292648
0.0202,366349,38923300
0.0203,362647,38556951
0.0204,359718,38194304
0.0205,355960,37834586
0.0206,351163,37478626
0.0207,347500,37127463
0.0208,342560,36779963
0.0209,340267,36437403
0.021,335737,36097136
0.0211,333195,35761399
0.0212,328952,35428204
0.0213,325988,35099252
0.0214,323165,34773264
0.0215,319407,34450099
0.0216,316055,34130692
0.0217,313026,33814637
0.0218,308260,33501611
0.0219,306042,33193351
0.022,302595,32887309
0.0221,299369,32584714
0.0222,295865,32285345
0.0223,293199,31989480
0.0224,292508,31696281
0.0225,287130,31403773
0.0226,285826,31116643
0.0227,281244,30830817
0.0228,278713,30549573
0.0229,277070,30270860
0.023,273294,29993790
0.0231,270361,29720496
0.0232,267274,29450135
0.0233,265464,29182861
0.0234,261534,28917397
0.0235,259803,28655863
0.0236,257232,28396060
0.0237,253937,28138828
0.0238,252266,27884891
0.0239,248454,27632625
0.024,248428,27384171
0.0241,243340,27135743
0.0242,241907,26892403
0.0243,239485,26650496
0.0244,235709,26411011
0.0245,234170,26175302
0.0246,230271,25941132
0.0247,228157,25710861
0.0248,226326,25482704
0.0249,225555,25256378
0.025,222281,25030823
0.0251,219375,24808542
0.0252,219776,24589167
0.0253,215493,24369391
0.0254,214561,24153898
0.0255,211497,23939337
0.0256,210115,23727840
0.0257,207094,23517725
0.0258,204764,23310631
0.0259,203503,23105867
0.026,201848,22902364
0.0261,198914,22700516
0.0262,196688,22501602
0.0263,194611,22304914
0.0264,193547,22110303
0.0265,190612,21916756
0.0266,190303,21726144
0.0267,187309,21535841
0.0268,185542,21348532
0.0269,184078,21162990
0.027,183771,20978912
0.0271,180270,20795141
0.0272,179107,20614871
0.0273,176835,20435764
0.0274,175776,20258929
0.0275,173413,20083153
0.0276,172121,19909740
0.0277,170679,19737619
0.0278,169440,19566940
0.0279,167293,19397500
0.028,164645,19230207
0.0281,163589,19065562
0.0282,162077,18901973
0.0283,160854,18739896
0.0284,158124,18579042
0.0285,156393,18420918
0.0286,156809,18264525
0.0287,155037,18107716
0.0288,153715,17952679
0.0289,150276,17798964
0.029,150011,17648688
0.0291,149097,17498677
0.0292,148084,17349580
0.0293,144321,17201496
0.0294,144179,17057175
0.0295,142060,16912996
0.0296,141939,16770936
0.0297,139641,16628997
0.0298,138208,16489356
0.0299,139244,16351148
0.03,136188,16211904
0.0301,134397,16075716
0.0302,133004,15941319
0.0303,131760,15808315
0.0304,130408,15676555
0.0305,129596,15546147
0.0306,128335,15416551
0.0307,126901,15288216
0.0308,126116,15161315
0.0309,124685,15035199
0.031,123627,14910514
0.0311,122767,14786887
0.0312,122218,14664120
0.0313,119913,14541902
0.0314,119500,14421989
0.0315,117028,14302489
0.0316,117142,14185461
0.0317,116171,14068319
0.0318,114492,13952148
0.0319,114032,13837656
0.032,113041,13723624
0.0321,111781,13610583
0.0322,111031,13498802
0.0323,109482,13387771
0.0324,108062,13278289
0.0325,107357,13170227
0.0326,105735,13062870
0.0327,104167,12957135
0.0328,105002,12852968
0.0329,102698,12747966
0.033,101772,12645268
0.0331,101941,12543496
0.0332,100675,12441555
0.0333,99049,12340880
0.0334,98553,12241831
0.0335,97865,12143278
0.0336,97348,12045413
0.0337,96200,11948065
0.0338,95064,11851865
0.0339,93952,11756801
0.034,93533,11662849
0.0341,92547,11569316
0.0342,91859,11476769
0.0343,90237,11384910
0.0344,89884,11294673
0.0345,89510,11204789
0.0346,87691,11115279
0.0347,86260,11027588
0.0348,86352,10941328
0.0349,85275,10854976
0.035,85555,10769701
0.0351,84567,10684146
0.0352,83583,10599579
0.0353,82061,10515996
0.0354,81396,10433935
0.0355,81977,10352539
0.0356,80503,10270562
0.0357,79847,10190059
0.0358,79208,10110212
0.0359,77522,10031004
0.036,77208,9953482
0.0361,77293,9876274
0.0362,75982,9798981
0.0363,76160,9722999
0.0364,75537,9646839
0.0365,74531,9571302
0.0366,73813,9496771
0.0367,73152,9422958
0.0368,72315,9349806
0.0369,71281,9277491
0.037,71389,9206210
0.0371,70989,9134821
0.0372,69944,9063832
0.0373,69326,8993888
0.0374,68976,8924562
0.0375,68077,8855586
0.0376,66844,8787509
0.0377,66752,8720665
0.0378,66570,8653913
0.0379,65536,8587343
0.038,64101,8521807
0.0381,64150,8457706
0.0382,63783,8393556
0.0383,63420,8329773
0.0384,62764,8266353
0.0385,62114,8203589
0.0386,61240,8141475
0.0387,60903,8080235
0.0388,60350,8019332
0.0389,59672,7958982
0.039,59348,7899310
0.0391,58490,7839962
0.0392,58064,7781472
0.0393,57412,7723408
0.0394,56881,7665996
0.0395,56868,7609115
0.0396,56265,7552247
0.0397,55156,7495982
0.0398,55109,7440826
0.0399,54473,7385717
0.04,53970,7331244
0.0401,53498,7277274
0.0402,53229,7223776
0.0403,52365,7170547
0.0404,52505,7118182
0.0405,51987,7065677
0.0406,51722,7013690
0.0407,51041,6961968
0.0408,51116,6910927
0.0409,50091,6859811
0.041,49738,6809720
0.0411,49991,6759982
0.0412,49028,6709991
0.0413,48936,6660963
0.0414,48562,6612027
0.0415,47224,6563465
0.0416,47649,6516241
0.0417,46506,6468592
0.0418,46848,6422086
0.0419,46596,6375238
0.042,45498,6328642
0.0421,45711,6283144
0.0422,44698,6237433
0.0423,44272,6192735
0.0424,43810,6148463
0.0425,44152,6104653
0.0426,43185,6060501
0.0427,42783,6017316
0.0428,43163,5974533
0.0429,42509,5931370
0.043,41802,5888861
0.0431,41084,5847059
0.0432,41304,5805975
0.0433,41330,5764671
0.0434,40618,5723341
0.0435,40451,5682723
0.0436,40570,5642272
0.0437,39534,5601702
0.0438,38996,5562168
0.0439,38954,5523172
0.044,38487,5484218
0.0441,38707,5445731
0.0442,37545,5407024
0.0443,37760,5369479
0.0444,37202,5331719
0.0445,36889,5294517
0.0446,36586,5257628
0.0447,36351,5221042
0.0448,35942,5184691
0.0449,36033,5148749
0.045,34710,5112716
0.0451,34999,5078006
0.0452,35041,5043007
0.0453,34839,5007966
0.0454,34125,4973127
0.0455,34121,4939002
0.0456,34208,4904881
0.0457,33586,4870673
0.0458,32689,4837087
0.0459,32337,4804398
0.046,32395,4772061
0.0461,31869,4739666
0.0462,31490,4707797
0.0463,31879,4676307
0.0464,31370,4644428
0.0465,31697,4613058
0.0466,30855,4581361
0.0467,30979,4550506
0.0468,30618,4519527
0.0469,30068,4488909
0.047,30173,4458841
0.0471,29664,4428668
0.0472,29197,4399004
0.0473,29437,4369807
0.0474,29403,4340370
0.0475,28604,4310967
0.0476,28296,4282363
0.0477,28259,4254067
0.0478,28072,4225808
0.0479,27859,4197736
0.048,27327,4169877
0.0481,27336,4142550
0.0482,26996,4115214
0.0483,26927,4088218
0.0484,26487,4061291
0.0485,26007,4034804
0.0486,26425,4008797
0.0487,25870,3982372
0.0488,26143,3956502
0.0489,25722,3930359
0.049,25499,3904637
0.0491,25329,3879138
0.0492,24967,3853809
0.0493,24889,3828842
0.0494,24713,3803953
0.0495,25034,3779240
0.0496,24527,3754206
0.0497,24181,3729679
0.0498,23919,3705498
0.0499,23688,3681579
0.05,23628,3657891
0.0501,23285,3634263
0.0502,22935,3610978
0.0503,22911,3588043
0.0504,22841,3565132
0.0505,22570,3542291
0.0506,22380,3519721
0.0507,22349,3497341
0.0508,22091,3474992
0.0509,21820,3452901
0.051,21847,3431081
0.0511,21599,3409234
0.0512,21573,3387635
0.0513,21152,3366062
0.0514,21285,3344910
0.0515,20495,3323625
0.0516,20878,3303130
0.0517,20421,3282252
0.0518,20350,3261831
0.0519,20233,3241481
0.052,20392,3221248
0.0521,20012,3200856
0.0522,20084,3180844
0.0523,19859,3160760
0.0524,19764,3140901
0.0525,19376,3121137
0.0526,19294,3101761
0.0527,18974,3082467
0.0528,19173,3063493
0.0529,18449,3044320
0.053,18576,3025871
0.0531,18679,3007295
0.0532,18674,2988616
0.0533,18396,2969942
0.0534,18260,2951546
0.0535,17211,2933286
0.0536,17843,2916075
0.0537,17907,2898232
0.0538,17317,2880325
0.0539,17245,2863008
0.054,17120,2845763
0.0541,17283,2828643
0.0542,16933,2811360
0.0543,16835,2794427
0.0544,16789,2777592
0.0545,16374,2760803
0.0546,16482,2744429
0.0547,16118,2727947
0.0548,16397,2711829
0.0549,16110,2695432
0.055,15905,2679322
0.0551,16203,2663417
0.0552,15962,2647214
0.0553,15674,2631252
0.0554,15785,2615578
0.0555,15294,2599793
0.0556,15267,2584499
0.0557,15111,2569232
0.0558,15058,2554121
0.0559,14808,2539063
0.056,14848,2524255
0.0561,14872,2509407
0.0562,14482,2494535
0.0563,14701,2480053
0.0564,14259,2465352
0.0565,13988,2451093
0.0566,14092,2437105
0.0567,14173,2423013
0.0568,13943,2408840
0.0569,14007,2394897
0.057,13496,2380890
0.0571,13447,2367394
0.0572,13392,2353947
0.0573,13626,2340555
0.0574,13549,2326929
0.0575,13092,2313380
0.0576,12962,2300288
0.0577,12989,2287326
0.0578,13002,2274337
0.0579,12912,2261335
0.058,12844,2248423
0.0581,12657,2235579
0.0582,12468,2222922
0.0583,12037,2210454
0.0584,12435,2198417
0.0585,12256,2185982
0.0586,12399,2173726
0.0587,12499,2161327
0.0588,12072,2148828
0.0589,12098,2136756
0.059,12178,2124658
0.0591,11670,2112480
0.0592,11464,2100810
0.0593,11798,2089346
0.0594,11549,2077548
0.0595,11665,2065999
0.0596,11177,2054334
0.0597,11145,2043157
0.0598,11435,2032012
0.0599,10777,2020577
0.06,11170,2009800
0.0601,10726,1998630
0.0602,10914,1987904
0.0603,10445,1976990
0.0604,10502,1966545
0.0605,10445,1956043
0.0606,10358,1945598
0.0607,10530,1935240
0.0608,10263,1924710
0.0609,10459,1914447
0.061,10441,1903988
0.0611,10105,1893547
0.0612,9933,1883442
0.0613,9992,1873509
0.0614,9882,1863517
0.0615,9996,1853635
0.0616,9715,1843639
0.0617,9864,1833924
0.0618,9613,1824060
0.0619,9667,1814447
0.062,9760,1804780
0.0621,9285,1795020
0.0622,9463,1785735
0.0623,9457,1776272
0.0624,9442,1766815
0.0625,9220,1757373
0.0626,9147,1748153
0.0627,9173,1739006
0.0628,9090,1729833
0.0629,9054,1720743
0.063,9030,1711689
0.0631,8577,1702659
0.0632,9028,1694082
0.0633,8547,1685054
0.0634,8840,1676507
0.0635,8535,1667667
0.0636,8628,1659132
0.0637,8616,1650504
0.0638,8442,1641888
0.0639,8209,1633446
0.064,8258,1625237
0.0641,8466,1616979
0.0642,8238,1608513
0.0643,8215,1600275
0.0644,7842,1592060
0.0645,7787,1584218
0.0646,8071,1576431
0.0647,7896,1568360
0.0648,7928,1560464
0.0649,7706,1552536
0.065,7631,1544830
0.0651,8033,1537199
0.0652,7486,1529166
0.0653,7510,1521680
0.0654,7415,1514170
0.0655,7502,1506755
0.0656,7618,1499253
0.0657,7537,1491635
0.0658,7319,1484098
0.0659,7662,1476779
0.066,7230,1469117
0.0661,7215,1461887
0.0662,7133,1454672
0.0663,7166,1447539
0.0664,6857,1440373
0.0665,6783,1433516
0.0666,7151,1426733
0.0667,6894,1419582
0.0668,6868,1412688
0.0669,6838,1405820
0.067,6669,1398982
0.0671,6552,1392313
0.0672,6718,1385761
0.0673,6487,1379043
0.0674,6659,1372556
0.0675,6311,1365897
0.0676,6565,1359586
0.0677,6591,1353021
0.0678,6474,1346430
0.0679,6511,1339956
0.068,6474,1333445
0.0681,6323,1326971
0.0682,6356,1320648
0.0683,6203,1314292
0.0684,6034,1308089
0.0685,5957,1302055
0.0686,6248,1296098
0.0687,6013,1289850
0.0688,5773,1283837
0.0689,6117,1278064
0.069,5811,1271947
0.0691,5941,1266136
0.0692,5685,1260195
0.0693,6049,1254510
0.0694,5705,1248461
0.0695,5740,1242756
0.0696,5681,1237016
0.0697,5674,1231335
0.0698,5538,1225661
0.0699,5757,1220123
0.07,5455,1214366
0.0701,5591,1208911
0.0702,5462,1203320
0.0703,5313,1197858
0.0704,5566,1192545
0.0705,5242,1186979
0.0706,5264,1181737
0.0707,5355,1176473
0.0708,5109,1171118
0.0709,5224,1166009
0.071,5269,1160785
0.0711,5297,1155516
0.0712,5051,1150219
0.0713,5143,1145168
0.0714,5187,1140025
0.0715,5325,1134838
0.0716,4995,1129513
0.0717,5076,1124518
0.0718,5023,1119442
0.0719,4849,1114419
0.072,4950,1109570
0.0721,4878,1104620
0.0722,4825,1099742
0.0723,4980,1094917
0.0724,4754,1089937
0.0725,4675,1085183
0.0726,4676,1080508
0.0727,4727,1075832
0.0728,4647,1071105
0.0729,4663,1066458
0.073,4544,1061795
0.0731,4565,1057251
0.0732,4680,1052686
0.0733,4461,1048006
0.0734,4573,1043545
0.0735,4325,1038972
0.0736,4184,1034647
0.0737,4342,1030463
0.0738,4242,1026121
0.0739,4384,1021879
0.074,4252,1017495
0.0741,4332,1013243
0.0742,4189,1008911
0.0743,4280,1004722
0.0744,4085,1000442
0.0745,4206,996357
0.0746,4223,992151
0.0747,4153,987928
0.0748,4059,983775
0.0749,4097,979716
0.075,4000,975619
0.0751,4127,971619
0.0752,3906,967492
0.0753,4063,963586
0.0754,3911,959523
0.0755,3869,955612
0.0756,3926,951743
0.0757,3816,947817
0.0758,3917,944001
0.0759,3632,940084
0.076,3803,936452
0.0761,3946,932649
0.0762,3801,928703
0.0763,3771,924902
0.0764,3697,921131
0.0765,3786,917434
0.0766,3725,913648
0.0767,3452,909923
0.0768,3750,906471
0.0769,3574,902721
0.077,3771,899147
0.0771,3476,895376
0.0772,3466,891900
0.0773,3407,888434
0.0774,3547,885027
0.0775,3481,881480
0.0776,3250,877999
0.0777,3354,874749
0.0778,3428,871395
0.0779,3386,867967
0.078,3403,864581
0.0781,3325,861178
0.0782,3319,857853
0.0783,3491,854534
0.0784,3256,851043
0.0785,3231,847787
0.0786,3128,844556
0.0787,3211,841428
0.0788,3169,838217
0.0789,3050,835048
0.079,3250,831998
0.0791,3298,828748
0.0792,3218,825450
0.0793,3033,822232
0.0794,3130,819199
0.0795,3149,816069
0.0796,3007,812920
0.0797,2931,809913
0.0798,2985,806982
0.0799,3123,803997
0.08,2982,800874
0.0801,2911,797892
0.0802,3123,794981
0.0803,2946,791858
0.0804,2930,788912
0.0805,2921,785982
0.0806,2902,783061
0.0807,2828,780159
0.0808,2879,777331
0.0809,2867,774452
0.081,2691,771585
0.0811,2816,768894
0.0812,2653,766078
0.0813,2725,763425
0.0814,2761,760700
0.0815,2744,757939
0.0816,2764,755195
0.0817,2601,752431
0.0818,2556,749830
0.0819,2585,747274
0.082,2772,744689
0.0821,2619,741917
0.0822,2640,739298
0.0823,2780,736658
0.0824,2601,733878
0.0825,2565,731277
0.0826,728712,728712
