"threshold","percentile_sum","cumulative_sum"
0.6826,34015947,34015947
0.6825,38343,34054290
0.6824,38101,34092391
0.6823,38539,34130930
0.6822,38187,34169117
0.6821,38407,34207524
0.682,37420,34244944
0.6819,38273,34283217
0.6818,38658,34321875
0.6817,38521,34360396
0.6816,38712,34399108
0.6815,38351,34437459
0.6814,38413,34475872
0.6813,38513,34514385
0.6812,38581,34552966
0.6811,38884,34591850
0.681,38492,34630342
0.6809,38689,34669031
0.6808,38664,34707695
0.6807,38323,34746018
0.6806,38364,34784382
0.6805,38926,34823308
0.6804,38948,34862256
0.6803,38300,34900556
0.6802,38844,34939400
0.6801,38313,34977713
0.68,38429,35016142
0.6799,38752,35054894
0.6798,38842,35093736
0.6797,39279,35133015
0.6796,39038,35172053
0.6795,38279,35210332
0.6794,38541,35248873
0.6793,38867,35287740
0.6792,39251,35326991
0.6791,38593,35365584
0.679,38865,35404449
0.6789,39475,35443924
0.6788,38876,35482800
0.6787,38472,35521272
0.6786,38664,35559936
0.6785,39672,35599608
0.6784,38887,35638495
0.6783,38718,35677213
0.6782,39192,35716405
0.6781,38711,35755116
0.678,39238,35794354
0.6779,38640,35832994
0.6778,39144,35872138
0.6777,38779,35910917
0.6776,38766,35949683
0.6775,39007,35988690
0.6774,38648,36027338
0.6773,38626,36065964
0.6772,38899,36104863
0.6771,39876,36144739
0.677,39385,36184124
0.6769,39756,36223880
0.6768,39761,36263641
0.6767,38886,36302527
0.6766,39496,36342023
0.6765,39181,36381204
0.6764,39708,36420912
0.6763,39322,36460234
0.6762,40038,36500272
0.6761,39901,36540173
0.676,40158,36580331
0.6759,39378,36619709
0.6758,39631,36659340
0.6757,39938,36699278
0.6756,39497,36738775
0.6755,39541,36778316
0.6754,39964,36818280
0.6753,39722,36858002
0.6752,39369,36897371
0.6751,39346,36936717
0.675,39449,36976166
0.6749,39458,37015624
0.6748,39503,37055127
0.6747,40347,37095474
0.6746,40383,37135857
0.6745,39288,37175145
0.6744,39915,37215060
0.6743,40086,37255146
0.6742,39716,37294862
0.6741,39073,37333935
0.674,40101,37374036
0.6739,39765,37413801
0.6738,40133,37453934
0.6737,40048,37493982
0.6736,39591,37533573
0.6735,39881,37573454
0.6734,40281,37613735
0.6733,39526,37653261
0.6732,39964,37693225
0.6731,40061,37733286
0.673,39996,37773282
0.6729,39914,37813196
0.6728,40100,37853296
0.6727,39922,37893218
0.6726,40253,37933471
0.6725,39745,37973216
0.6724,40166,38013382
0.6723,39581,38052963
0.6722,39951,38092914
0.6721,39979,38132893
0.672,39311,38172204
0.6719,39832,38212036
0.6718,40217,38252253
0.6717,40477,38292730
0.6716,39387,38332117
0.6715,40554,38372671
0.6714,39841,38412512
0.6713,39931,38452443
0.6712,39819,38492262
0.6711,39780,38532042
0.671,40277,38572319
0.6709,40389,38612708
0.6708,39843,38652551
0.6707,40327,38692878
0.6706,40011,38732889
0.6705,41284,38774173
0.6704,40029,38814202
0.6703,40365,38854567
0.6702,40235,38894802
0.6701,39936,38934738
0.67,40406,38975144
0.6699,39252,39014396
0.6698,40397,39054793
0.6697,40276,39095069
0.6696,40596,39135665
0.6695,40382,39176047
0.6694,40572,39216619
0.6693,40197,39256816
0.6692,40950,39297766
0.6691,40351,39338117
0.669,40133,39378250
0.6689,40759,39419009
0.6688,40623,39459632
0.6687,40488,39500120
0.6686,40061,39540181
0.6685,40833,39581014
0.6684,40175,39621189
0.6683,40821,39662010
0.6682,40356,39702366
0.6681,40678,39743044
0.668,40770,39783814
0.6679,40290,39824104
0.6678,41068,39865172
0.6677,40505,39905677
0.6676,41080,39946757
0.6675,40243,39987000
0.6674,40722,40027722
0.6673,40946,40068668
0.6672,41102,40109770
0.6671,41418,40151188
0.667,40422,40191610
0.6669,40552,40232162
0.6668,40785,40272947
0.6667,40680,40313627
0.6666,40589,40354216
0.6665,41210,40395426
0.6664,40702,40436128
0.6663,40606,40476734
0.6662,41005,40517739
0.6661,41675,40559414
0.666,40847,40600261
0.6659,41133,40641394
0.6658,40844,40682238
0.6657,40962,40723200
0.6656,40948,40764148
0.6655,40150,40804298
0.6654,41314,40845612
0.6653,41529,40887141
0.6652,41023,40928164
0.6651,41166,40969330
0.665,41493,41010823
0.6649,41379,41052202
0.6648,41164,41093366
0.6647,40778,41134144
0.6646,41112,41175256
0.6645,40893,41216149
0.6644,41135,41257284
0.6643,40959,41298243
0.6642,41478,41339721
0.6641,41334,41381055
0.664,40795,41421850
0.6639,40751,41462601
0.6638,40757,41503358
0.6637,40798,41544156
0.6636,40979,41585135
0.6635,41629,41626764
0.6634,40808,41667572
0.6633,41289,41708861
0.6632,41183,41750044
0.6631,41331,41791375
0.663,40906,41832281
0.6629,41227,41873508
0.6628,41736,41915244
0.6627,41053,41956297
0.6626,41436,41997733
0.6625,41672,42039405
0.6624,41375,42080780
0.6623,41669,42122449
0.6622,41486,42163935
0.6621,41793,42205728
0.662,41998,42247726
0.6619,41302,42289028
0.6618,41401,42330429
0.6617,41657,42372086
0.6616,41804,42413890
0.6615,41276,42455166
0.6614,41949,42497115
0.6613,41431,42538546
0.6612,41611,42580157
0.6611,41458,42621615
0.661,41366,42662981
0.6609,41367,42704348
0.6608,41577,42745925
0.6607,41429,42787354
0.6606,42347,42829701
0.6605,41614,42871315
0.6604,41326,42912641
0.6603,41374,42954015
0.6602,41390,42995405
0.6601,42143,43037548
0.66,41910,43079458
0.6599,42666,43122124
0.6598,41180,43163304
0.6597,42006,43205310
0.6596,42101,43247411
0.6595,41943,43289354
0.6594,41706,43331060
0.6593,42542,43373602
0.6592,41812,43415414
0.6591,41520,43456934
0.659,41609,43498543
0.6589,42459,43541002
0.6588,41893,43582895
0.6587,42259,43625154
0.6586,42232,43667386
0.6585,41415,43708801
0.6584,42115,43750916
0.6583,41819,43792735
0.6582,42232,43834967
0.6581,42444,43877411
0.658,42096,43919507
0.6579,42053,43961560
0.6578,41878,44003438
0.6577,42522,44045960
0.6576,41805,44087765
0.6575,42002,44129767
0.6574,41977,44171744
0.6573,41915,44213659
0.6572,42164,44255823
0.6571,41469,44297292
0.657,42045,44339337
0.6569,41759,44381096
0.6568,42114,44423210
0.6567,42111,44465321
0.6566,42364,44507685
0.6565,42931,44550616
0.6564,42253,44592869
0.6563,42145,44635014
0.6562,42350,44677364
0.6561,42428,44719792
0.656,41993,44761785
0.6559,42401,44804186
0.6558,42817,44847003
0.6557,43215,44890218
0.6556,42749,44932967
0.6555,42578,44975545
0.6554,42007,45017552
0.6553,41955,45059507
0.6552,42349,45101856
0.6551,42597,45144453
0.655,42419,45186872
0.6549,42490,45229362
0.6548,42664,45272026
0.6547,42254,45314280
0.6546,42450,45356730
0.6545,41985,45398715
0.6544,41956,45440671
0.6543,42355,45483026
0.6542,42533,45525559
0.6541,43012,45568571
0.654,42451,45611022
0.6539,42983,45654005
0.6538,43105,45697110
0.6537,42497,45739607
0.6536,42393,45782000
0.6535,42999,45824999
0.6534,42784,45867783
0.6533,42682,45910465
0.6532,42708,45953173
0.6531,42664,45995837
0.653,42057,46037894
0.6529,42730,46080624
0.6528,42910,46123534
0.6527,42007,46165541
0.6526,42685,46208226
0.6525,42627,46250853
0.6524,42760,46293613
0.6523,43157,46336770
0.6522,42826,46379596
0.6521,43360,46422956
0.652,43090,46466046
0.6519,43554,46509600
0.6518,42847,46552447
0.6517,42317,46594764
0.6516,43073,46637837
0.6515,42583,46680420
0.6514,43157,46723577
0.6513,43027,46766604
0.6512,42769,46809373
0.6511,43049,46852422
0.651,43102,46895524
0.6509,42839,46938363
0.6508,42630,46980993
0.6507,43535,47024528
0.6506,42904,47067432
0.6505,43478,47110910
0.6504,41864,47152774
0.6503,43016,47195790
0.6502,42339,47238129
0.6501,42442,47280571
0.65,43011,47323582
0.6499,42928,47366510
0.6498,42709,47409219
0.6497,42718,47451937
0.6496,42698,47494635
0.6495,42627,47537262
0.6494,42518,47579780
0.6493,43334,47623114
0.6492,43754,47666868
0.6491,43297,47710165
0.649,43510,47753675
0.6489,42529,47796204
0.6488,43282,47839486
0.6487,42706,47882192
0.6486,43628,47925820
0.6485,43330,47969150
0.6484,43776,48012926
0.6483,43674,48056600
0.6482,43424,48100024
0.6481,42813,48142837
0.648,42670,48185507
0.6479,42849,48228356
0.6478,43153,48271509
0.6477,42840,48314349
0.6476,43392,48357741
0.6475,42930,48400671
0.6474,43188,48443859
0.6473,43340,48487199
0.6472,43259,48530458
0.6471,43525,48573983
0.647,43596,48617579
0.6469,43354,48660933
0.6468,44092,48705025
0.6467,42850,48747875
0.6466,43733,48791608
0.6465,43351,48834959
0.6464,43454,48878413
0.6463,43121,48921534
0.6462,43427,48964961
0.6461,43409,49008370
0.646,44287,49052657
0.6459,43355,49096012
0.6458,43456,49139468
0.6457,43473,49182941
0.6456,43316,49226257
0.6455,43324,49269581
0.6454,43872,49313453
0.6453,44024,49357477
0.6452,43448,49400925
0.6451,43455,49444380
0.645,43324,49487704
0.6449,43764,49531468
0.6448,43808,49575276
0.6447,43377,49618653
0.6446,43549,49662202
0.6445,43062,49705264
0.6444,43667,49748931
0.6443,43728,49792659
0.6442,44195,49836854
0.6441,43199,49880053
0.644,43741,49923794
0.6439,43575,49967369
0.6438,43593,50010962
0.6437,43682,50054644
0.6436,43506,50098150
0.6435,43859,50142009
0.6434,44375,50186384
0.6433,43601,50229985
0.6432,44225,50274210
0.6431,43516,50317726
0.643,43023,50360749
0.6429,43178,50403927
0.6428,43635,50447562
0.6427,43420,50490982
0.6426,43246,50534228
0.6425,43669,50577897
0.6424,44617,50622514
0.6423,43936,50666450
0.6422,43500,50709950
0.6421,43935,50753885
0.642,43338,50797223
0.6419,46331,50843554
0.6418,44324,50887878
0.6417,43559,50931437
0.6416,43694,50975131
0.6415,44435,51019566
0.6414,44022,51063588
0.6413,44174,51107762
0.6412,44412,51152174
0.6411,43666,51195840
0.641,43849,51239689
0.6409,43810,51283499
0.6408,43567,51327066
0.6407,43912,51370978
0.6406,44345,51415323
0.6405,44007,51459330
0.6404,43965,51503295
0.6403,43897,51547192
0.6402,44074,51591266
0.6401,43695,51634961
0.64,43907,51678868
0.6399,43962,51722830
0.6398,44272,51767102
0.6397,44420,51811522
0.6396,43634,51855156
0.6395,43442,51898598
0.6394,43822,51942420
0.6393,43833,51986253
0.6392,44679,52030932
0.6391,44491,52075423
0.639,44229,52119652
0.6389,43696,52163348
0.6388,44215,52207563
0.6387,44577,52252140
0.6386,44108,52296248
0.6385,44208,52340456
0.6384,43929,52384385
0.6383,44030,52428415
0.6382,44225,52472640
0.6381,44272,52516912
0.638,44308,52561220
0.6379,44999,52606219
0.6378,44426,52650645
0.6377,44051,52694696
0.6376,43937,52738633
0.6375,44641,52783274
0.6374,43783,52827057
0.6373,43970,52871027
0.6372,44362,52915389
0.6371,44814,52960203
0.637,44400,53004603
0.6369,44355,53048958
0.6368,43995,53092953
0.6367,44553,53137506
0.6366,44041,53181547
0.6365,44300,53225847
0.6364,43869,53269716
0.6363,44638,53314354
0.6362,44665,53359019
0.6361,44422,53403441
0.636,44871,53448312
0.6359,44547,53492859
0.6358,44433,53537292
0.6357,44172,53581464
0.6356,44733,53626197
0.6355,44584,53670781
0.6354,44140,53714921
0.6353,44386,53759307
0.6352,44326,53803633
0.6351,45182,53848815
0.635,43880,53892695
0.6349,44355,53937050
0.6348,44214,53981264
0.6347,43957,54025221
0.6346,44322,54069543
0.6345,44013,54113556
0.6344,45325,54158881
0.6343,44707,54203588
0.6342,44625,54248213
0.6341,44977,54293190
0.634,44987,54338177
0.6339,45465,54383642
0.6338,44600,54428242
0.6337,44836,54473078
0.6336,45225,54518303
0.6335,44738,54563041
0.6334,44655,54607696
0.6333,44384,54652080
0.6332,44646,54696726
0.6331,45092,54741818
0.633,44880,54786698
0.6329,44639,54831337
0.6328,44500,54875837
0.6327,44843,54920680
0.6326,45024,54965704
0.6325,44512,55010216
0.6324,44551,55054767
0.6323,45129,55099896
0.6322,44911,55144807
0.6321,44889,55189696
0.632,44879,55234575
0.6319,44728,55279303
0.6318,44746,55324049
0.6317,44030,55368079
0.6316,44489,55412568
0.6315,44628,55457196
0.6314,45090,55502286
0.6313,44758,55547044
0.6312,44672,55591716
0.6311,45157,55636873
0.631,45034,55681907
0.6309,45108,55727015
0.6308,44857,55771872
0.6307,45455,55817327
0.6306,45101,55862428
0.6305,45154,55907582
0.6304,44621,55952203
0.6303,44354,55996557
0.6302,45006,56041563
0.6301,44610,56086173
0.63,45612,56131785
0.6299,43972,56175757
0.6298,44346,56220103
0.6297,44798,56264901
0.6296,44762,56309663
0.6295,44789,56354452
0.6294,45227,56399679
0.6293,45281,56444960
0.6292,44976,56489936
0.6291,44815,56534751
0.629,45520,56580271
0.6289,45215,56625486
0.6288,44990,56670476
0.6287,44874,56715350
0.6286,45344,56760694
0.6285,44756,56805450
0.6284,44662,56850112
0.6283,44940,56895052
0.6282,44929,56939981
0.6281,45670,56985651
0.628,45065,57030716
0.6279,45570,57076286
0.6278,45180,57121466
0.6277,44852,57166318
0.6276,45082,57211400
0.6275,45169,57256569
0.6274,45158,57301727
0.6273,44633,57346360
0.6272,45936,57392296
0.6271,45645,57437941
0.627,45475,57483416
0.6269,45304,57528720
0.6268,45127,57573847
0.6267,44834,57618681
0.6266,45246,57663927
0.6265,45119,57709046
0.6264,45252,57754298
0.6263,44878,57799176
0.6262,45206,57844382
0.6261,45175,57889557
0.626,45386,57934943
0.6259,45425,57980368
0.6258,45576,58025944
0.6257,45170,58071114
0.6256,46033,58117147
0.6255,45402,58162549
0.6254,45242,58207791
0.6253,45495,58253286
0.6252,45693,58298979
0.6251,45505,58344484
0.625,45685,58390169
0.6249,45451,58435620
0.6248,45258,58480878
0.6247,45395,58526273
0.6246,45724,58571997
0.6245,44928,58616925
0.6244,44897,58661822
0.6243,45444,58707266
0.6242,46286,58753552
0.6241,45771,58799323
0.624,45251,58844574
0.6239,45698,58890272
0.6238,45675,58935947
0.6237,45393,58981340
0.6236,45550,59026890
0.6235,45648,59072538
0.6234,45385,59117923
0.6233,45361,59163284
0.6232,46274,59209558
0.6231,45720,59255278
0.623,46279,59301557
0.6229,45922,59347479
0.6228,45493,59392972
0.6227,45200,59438172
0.6226,46001,59484173
0.6225,45804,59529977
0.6224,45954,59575931
0.6223,45397,59621328
0.6222,45147,59666475
0.6221,45868,59712343
0.622,45151,59757494
0.6219,45484,59802978
0.6218,45786,59848764
0.6217,45970,59894734
0.6216,45368,59940102
0.6215,46077,59986179
0.6214,45818,60031997
0.6213,45636,60077633
0.6212,45559,60123192
0.6211,45788,60168980
0.621,46429,60215409
0.6209,45497,60260906
0.6208,46061,60306967
0.6207,45894,60352861
0.6206,45556,60398417
0.6205,46096,60444513
0.6204,45456,60489969
0.6203,46250,60536219
0.6202,46034,60582253
0.6201,46016,60628269
0.62,46435,60674704
0.6199,45961,60720665
0.6198,45485,60766150
0.6197,45197,60811347
0.6196,45717,60857064
0.6195,46073,60903137
0.6194,46085,60949222
0.6193,45798,60995020
0.6192,45985,61041005
0.6191,45739,61086744
0.619,46454,61133198
0.6189,46510,61179708
0.6188,46402,61226110
0.6187,46787,61272897
0.6186,45660,61318557
0.6185,45280,61363837
0.6184,45993,61409830
0.6183,45900,61455730
0.6182,45487,61501217
0.6181,45727,61546944
0.618,45440,61592384
0.6179,46047,61638431
0.6178,46310,61684741
0.6177,46313,61731054
0.6176,45686,61776740
0.6175,46326,61823066
0.6174,46307,61869373
0.6173,45575,61914948
0.6172,46229,61961177
0.6171,46021,62007198
0.617,45793,62052991
0.6169,45942,62098933
0.6168,47266,62146199
0.6167,46645,62192844
0.6166,46335,62239179
0.6165,45965,62285144
0.6164,46888,62332032
0.6163,46419,62378451
0.6162,45856,62424307
0.6161,45904,62470211
0.616,46671,62516882
0.6159,46757,62563639
0.6158,46188,62609827
0.6157,46379,62656206
0.6156,45481,62701687
0.6155,46358,62748045
0.6154,46138,62794183
0.6153,46385,62840568
0.6152,46777,62887345
0.6151,46615,62933960
0.615,46365,62980325
0.6149,45972,63026297
0.6148,46144,63072441
0.6147,46637,63119078
0.6146,46448,63165526
0.6145,46647,63212173
0.6144,46751,63258924
0.6143,46490,63305414
0.6142,46594,63352008
0.6141,46504,63398512
0.614,47136,63445648
0.6139,46269,63491917
0.6138,46341,63538258
0.6137,46867,63585125
0.6136,46229,63631354
0.6135,46872,63678226
0.6134,46696,63724922
0.6133,46453,63771375
0.6132,46567,63817942
0.6131,45723,63863665
0.613,46735,63910400
0.6129,46847,63957247
0.6128,46275,64003522
0.6127,46661,64050183
0.6126,45733,64095916
0.6125,45601,64141517
0.6124,46543,64188060
0.6123,46610,64234670
0.6122,46646,64281316
0.6121,46050,64327366
0.612,46703,64374069
0.6119,46630,64420699
0.6118,46699,64467398
0.6117,46820,64514218
0.6116,47062,64561280
0.6115,45875,64607155
0.6114,46546,64653701
0.6113,46426,64700127
0.6112,47116,64747243
0.6111,46333,64793576
0.611,46471,64840047
0.6109,47143,64887190
0.6108,47077,64934267
0.6107,46483,64980750
0.6106,47106,65027856
0.6105,46738,65074594
0.6104,46413,65121007
0.6103,46503,65167510
0.6102,46674,65214184
0.6101,46521,65260705
0.61,46902,65307607
0.6099,46159,65353766
0.6098,46995,65400761
0.6097,47182,65447943
0.6096,46890,65494833
0.6095,47404,65542237
0.6094,47173,65589410
0.6093,46696,65636106
0.6092,47017,65683123
0.6091,47134,65730257
0.609,47279,65777536
0.6089,47426,65824962
0.6088,46916,65871878
0.6087,47634,65919512
0.6086,46666,65966178
0.6085,47298,66013476
0.6084,46927,66060403
0.6083,46214,66106617
0.6082,47190,66153807
0.6081,47314,66201121
0.608,46301,66247422
0.6079,46923,66294345
0.6078,46735,66341080
0.6077,46796,66387876
0.6076,46845,66434721
0.6075,46890,66481611
0.6074,46651,66528262
0.6073,47304,66575566
0.6072,46257,66621823
0.6071,47309,66669132
0.607,46416,66715548
0.6069,46744,66762292
0.6068,47114,66809406
0.6067,47167,66856573
0.6066,46755,66903328
0.6065,47053,66950381
0.6064,47678,66998059
0.6063,47573,67045632
0.6062,46804,67092436
0.6061,47318,67139754
0.606,47480,67187234
0.6059,47381,67234615
0.6058,47824,67282439
0.6057,47149,67329588
0.6056,47310,67376898
0.6055,47044,67423942
0.6054,47082,67471024
0.6053,47381,67518405
0.6052,47251,67565656
0.6051,46904,67612560
0.605,47468,67660028
0.6049,47391,67707419
0.6048,47968,67755387
0.6047,46743,67802130
0.6046,47051,67849181
0.6045,46671,67895852
0.6044,46906,67942758
0.6043,47720,67990478
0.6042,47127,68037605
0.6041,46684,68084289
0.604,47547,68131836
0.6039,48031,68179867
0.6038,47103,68226970
0.6037,47983,68274953
0.6036,47435,68322388
0.6035,47955,68370343
0.6034,48148,68418491
0.6033,47614,68466105
0.6032,48254,68514359
0.6031,47503,68561862
0.603,47974,68609836
0.6029,47368,68657204
0.6028,48223,68705427
0.6027,47669,68753096
0.6026,47788,68800884
0.6025,47842,68848726
0.6024,47480,68896206
0.6023,47789,68943995
0.6022,48060,68992055
0.6021,47764,69039819
0.602,47838,69087657
0.6019,47263,69134920
0.6018,47621,69182541
0.6017,47596,69230137
0.6016,48061,69278198
0.6015,47583,69325781
0.6014,47917,69373698
0.6013,48329,69422027
0.6012,47412,69469439
0.6011,48131,69517570
0.601,48163,69565733
0.6009,47799,69613532
0.6008,47488,69661020
0.6007,47650,69708670
0.6006,47866,69756536
0.6005,47939,69804475
0.6004,47978,69852453
0.6003,47664,69900117
0.6002,48480,69948597
0.6001,48499,69997096
0.6,47878,70044974
0.5999,47761,70092735
0.5998,48199,70140934
0.5997,47239,70188173
0.5996,47859,70236032
0.5995,47590,70283622
0.5994,47664,70331286
0.5993,48188,70379474
0.5992,47677,70427151
0.5991,47312,70474463
0.599,47938,70522401
0.5989,47116,70569517
0.5988,47704,70617221
0.5987,47563,70664784
0.5986,48065,70712849
0.5985,47571,70760420
0.5984,47787,70808207
0.5983,48318,70856525
0.5982,48159,70904684
0.5981,48217,70952901
0.598,48446,71001347
0.5979,47960,71049307
0.5978,47878,71097185
0.5977,47396,71144581
0.5976,47765,71192346
0.5975,48137,71240483
0.5974,48225,71288708
0.5973,48556,71337264
0.5972,48079,71385343
0.5971,48422,71433765
0.597,48790,71482555
0.5969,47951,71530506
0.5968,48337,71578843
0.5967,48131,71626974
0.5966,47783,71674757
0.5965,47929,71722686
0.5964,48645,71771331
0.5963,48404,71819735
0.5962,48594,71868329
0.5961,47736,71916065
0.596,48408,71964473
0.5959,48246,72012719
0.5958,48475,72061194
0.5957,47988,72109182
0.5956,48130,72157312
0.5955,47539,72204851
0.5954,47736,72252587
0.5953,47840,72300427
0.5952,48980,72349407
0.5951,48182,72397589
0.595,48226,72445815
0.5949,48158,72493973
0.5948,48763,72542736
0.5947,48726,72591462
0.5946,47457,72638919
0.5945,48757,72687676
0.5944,48044,72735720
0.5943,48543,72784263
0.5942,48769,72833032
0.5941,48956,72881988
0.594,48469,72930457
0.5939,48961,72979418
0.5938,48937,73028355
0.5937,48196,73076551
0.5936,48103,73124654
0.5935,49163,73173817
0.5934,48139,73221956
0.5933,48335,73270291
0.5932,48875,73319166
0.5931,48928,73368094
0.593,48507,73416601
0.5929,48348,73464949
0.5928,48871,73513820
0.5927,48679,73562499
0.5926,48707,73611206
0.5925,49052,73660258
0.5924,49047,73709305
0.5923,48457,73757762
0.5922,48577,73806339
0.5921,48645,73854984
0.592,48886,73903870
0.5919,48754,73952624
0.5918,48340,74000964
0.5917,48406,74049370
0.5916,48722,74098092
0.5915,48642,74146734
0.5914,48442,74195176
0.5913,48748,74243924
0.5912,48813,74292737
0.5911,48572,74341309
0.591,48516,74389825
0.5909,48290,74438115
0.5908,48964,74487079
0.5907,49056,74536135
0.5906,48882,74585017
0.5905,48569,74633586
0.5904,49247,74682833
0.5903,48844,74731677
0.5902,48840,74780517
0.5901,49078,74829595
0.59,49204,74878799
0.5899,48959,74927758
0.5898,49426,74977184
0.5897,49564,75026748
0.5896,49858,75076606
0.5895,48895,75125501
0.5894,48745,75174246
0.5893,49339,75223585
0.5892,49287,75272872
0.5891,48322,75321194
0.589,49697,75370891
0.5889,49351,75420242
0.5888,49375,75469617
0.5887,49031,75518648
0.5886,49179,75567827
0.5885,49436,75617263
0.5884,48911,75666174
0.5883,49808,75715982
0.5882,49756,75765738
0.5881,49648,75815386
0.588,48536,75863922
0.5879,49802,75913724
0.5878,49358,75963082
0.5877,49306,76012388
0.5876,49323,76061711
0.5875,48992,76110703
0.5874,49700,76160403
0.5873,49414,76209817
0.5872,49329,76259146
0.5871,49308,76308454
0.587,49610,76358064
0.5869,49047,76407111
0.5868,49327,76456438
0.5867,49537,76505975
0.5866,49431,76555406
0.5865,49610,76605016
0.5864,49688,76654704
0.5863,50221,76704925
0.5862,49340,76754265
0.5861,49973,76804238
0.586,49079,76853317
0.5859,49267,76902584
0.5858,49183,76951767
0.5857,49596,77001363
0.5856,49495,77050858
0.5855,49792,77100650
0.5854,49505,77150155
0.5853,49891,77200046
0.5852,49979,77250025
0.5851,49649,77299674
0.585,49769,77349443
0.5849,49028,77398471
0.5848,49320,77447791
0.5847,49370,77497161
0.5846,49939,77547100
0.5845,49797,77596897
0.5844,49848,77646745
0.5843,49481,77696226
0.5842,50267,77746493
0.5841,50595,77797088
0.584,50213,77847301
0.5839,49523,77896824
0.5838,49656,77946480
0.5837,50661,77997141
0.5836,50403,78047544
0.5835,50503,78098047
0.5834,49826,78147873
0.5833,49781,78197654
0.5832,49565,78247219
0.5831,50116,78297335
0.583,50595,78347930
0.5829,50131,78398061
0.5828,50641,78448702
0.5827,50378,78499080
0.5826,49842,78548922
0.5825,50560,78599482
0.5824,49555,78649037
0.5823,49308,78698345
0.5822,50170,78748515
0.5821,50697,78799212
0.582,49797,78849009
0.5819,49772,78898781
0.5818,49386,78948167
0.5817,50510,78998677
0.5816,50940,79049617
0.5815,49983,79099600
0.5814,50239,79149839
0.5813,50323,79200162
0.5812,49943,79250105
0.5811,50811,79300916
0.581,50719,79351635
0.5809,50343,79401978
0.5808,50414,79452392
0.5807,50184,79502576
0.5806,50246,79552822
0.5805,50013,79602835
0.5804,50433,79653268
0.5803,50150,79703418
0.5802,50128,79753546
0.5801,50869,79804415
0.58,50067,79854482
0.5799,50694,79905176
0.5798,50840,79956016
0.5797,50248,80006264
0.5796,50222,80056486
0.5795,50391,80106877
0.5794,50773,80157650
0.5793,50077,80207727
0.5792,50206,80257933
0.5791,50550,80308483
0.579,50646,80359129
0.5789,50743,80409872
0.5788,50411,80460283
0.5787,50504,80510787
0.5786,51030,80561817
0.5785,51078,80612895
0.5784,50107,80663002
0.5783,50405,80713407
0.5782,50517,80763924
0.5781,51120,80815044
0.578,49777,80864821
0.5779,50466,80915287
0.5778,50853,80966140
0.5777,50617,81016757
0.5776,50918,81067675
0.5775,50850,81118525
0.5774,50880,81169405
0.5773,50800,81220205
0.5772,51158,81271363
0.5771,50471,81321834
0.577,50669,81372503
0.5769,50707,81423210
0.5768,50590,81473800
0.5767,51240,81525040
0.5766,51540,81576580
0.5765,51596,81628176
0.5764,50780,81678956
0.5763,50800,81729756
0.5762,51609,81781365
0.5761,50727,81832092
0.576,51102,81883194
0.5759,50900,81934094
0.5758,51559,81985653
0.5757,50468,82036121
0.5756,51451,82087572
0.5755,51474,82139046
0.5754,51166,82190212
0.5753,51305,82241517
0.5752,51457,82292974
0.5751,51860,82344834
0.575,50991,82395825
0.5749,50702,82446527
0.5748,50621,82497148
0.5747,51140,82548288
0.5746,51358,82599646
0.5745,51281,82650927
0.5744,51629,82702556
0.5743,51355,82753911
0.5742,51557,82805468
0.5741,50912,82856380
0.574,50394,82906774
0.5739,51397,82958171
0.5738,51331,83009502
0.5737,50706,83060208
0.5736,51692,83111900
0.5735,52167,83164067
0.5734,51761,83215828
0.5733,50976,83266804
0.5732,51419,83318223
0.5731,51393,83369616
0.573,51682,83421298
0.5729,51684,83472982
0.5728,51842,83524824
0.5727,51307,83576131
0.5726,51317,83627448
0.5725,50918,83678366
0.5724,51648,83730014
0.5723,51940,83781954
0.5722,52366,83834320
0.5721,51858,83886178
0.572,51666,83937844
0.5719,51788,83989632
0.5718,51687,84041319
0.5717,51917,84093236
0.5716,52110,84145346
0.5715,52322,84197668
0.5714,51711,84249379
0.5713,52210,84301589
0.5712,50990,84352579
0.5711,51733,84404312
0.571,50627,84454939
0.5709,51324,84506263
0.5708,51360,84557623
0.5707,51857,84609480
0.5706,51643,84661123
0.5705,51910,84713033
0.5704,52348,84765381
0.5703,52398,84817779
0.5702,51610,84869389
0.5701,51328,84920717
0.57,52009,84972726
0.5699,52283,85025009
0.5698,51670,85076679
0.5697,51388,85128067
0.5696,52330,85180397
0.5695,51974,85232371
0.5694,53023,85285394
0.5693,52167,85337561
0.5692,51679,85389240
0.5691,51938,85441178
0.569,52296,85493474
0.5689,51746,85545220
0.5688,51385,85596605
0.5687,51859,85648464
0.5686,52639,85701103
0.5685,52627,85753730
0.5684,52224,85805954
0.5683,52502,85858456
0.5682,52441,85910897
0.5681,52151,85963048
0.568,52031,86015079
0.5679,51987,86067066
0.5678,52691,86119757
0.5677,52629,86172386
0.5676,52867,86225253
0.5675,51819,86277072
0.5674,51824,86328896
0.5673,51757,86380653
0.5672,52404,86433057
0.5671,52202,86485259
0.567,52348,86537607
0.5669,53206,86590813
0.5668,52370,86643183
0.5667,52076,86695259
0.5666,52597,86747856
0.5665,52697,86800553
0.5664,52117,86852670
0.5663,53332,86906002
0.5662,52792,86958794
0.5661,51605,87010399
0.566,52935,87063334
0.5659,53045,87116379
0.5658,53023,87169402
0.5657,52512,87221914
0.5656,52756,87274670
0.5655,53239,87327909
0.5654,52220,87380129
0.5653,52162,87432291
0.5652,53014,87485305
0.5651,52539,87537844
0.565,52207,87590051
0.5649,53268,87643319
0.5648,52196,87695515
0.5647,53435,87748950
0.5646,53189,87802139
0.5645,52620,87854759
0.5644,52673,87907432
0.5643,52508,87959940
0.5642,53912,88013852
0.5641,52278,88066130
0.564,53063,88119193
0.5639,53171,88172364
0.5638,53020,88225384
0.5637,52835,88278219
0.5636,53011,88331230
0.5635,53515,88384745
0.5634,52863,88437608
0.5633,52594,88490202
0.5632,53322,88543524
0.5631,53143,88596667
0.563,52990,88649657
0.5629,52255,88701912
0.5628,53510,88755422
0.5627,53507,88808929
0.5626,52846,88861775
0.5625,53136,88914911
0.5624,53917,88968828
0.5623,53159,89021987
0.5622,53206,89075193
0.5621,52882,89128075
0.562,52806,89180881
0.5619,54275,89235156
0.5618,53178,89288334
0.5617,53563,89341897
0.5616,53002,89394899
0.5615,53596,89448495
0.5614,54520,89503015
0.5613,53776,89556791
0.5612,52939,89609730
0.5611,53338,89663068
0.561,53109,89716177
0.5609,52559,89768736
0.5608,53424,89822160
0.5607,53151,89875311
0.5606,54610,89929921
0.5605,54151,89984072
0.5604,53528,90037600
0.5603,53771,90091371
0.5602,53642,90145013
0.5601,53287,90198300
0.56,53933,90252233
0.5599,54138,90306371
0.5598,53810,90360181
0.5597,53725,90413906
0.5596,53452,90467358
0.5595,53664,90521022
0.5594,57196,90578218
0.5593,54084,90632302
0.5592,53627,90685929
0.5591,53507,90739436
0.559,53118,90792554
0.5589,53673,90846227
0.5588,52659,90898886
0.5587,53184,90952070
0.5586,53123,91005193
0.5585,54042,91059235
0.5584,54553,91113788
0.5583,53752,91167540
0.5582,53757,91221297
0.5581,53606,91274903
0.558,53643,91328546
0.5579,53599,91382145
0.5578,53362,91435507
0.5577,54212,91489719
0.5576,53794,91543513
0.5575,53484,91596997
0.5574,53872,91650869
0.5573,53550,91704419
0.5572,54431,91758850
0.5571,53889,91812739
0.557,54534,91867273
0.5569,53363,91920636
0.5568,54150,91974786
0.5567,54341,92029127
0.5566,54248,92083375
0.5565,53450,92136825
0.5564,53652,92190477
0.5563,55175,92245652
0.5562,53869,92299521
0.5561,54144,92353665
0.556,55729,92409394
0.5559,54501,92463895
0.5558,54595,92518490
0.5557,54041,92572531
0.5556,54157,92626688
0.5555,54594,92681282
0.5554,53920,92735202
0.5553,53910,92789112
0.5552,54358,92843470
0.5551,54718,92898188
0.555,54485,92952673
0.5549,54711,93007384
0.5548,54505,93061889
0.5547,53769,93115658
0.5546,54894,93170552
0.5545,54181,93224733
0.5544,55110,93279843
0.5543,55462,93335305
0.5542,54963,93390268
0.5541,53898,93444166
0.554,54235,93498401
0.5539,54969,93553370
0.5538,54860,93608230
0.5537,55013,93663243
0.5536,54864,93718107
0.5535,54848,93772955
0.5534,54503,93827458
0.5533,54376,93881834
0.5532,54330,93936164
0.5531,54836,93991000
0.553,54162,94045162
0.5529,55750,94100912
0.5528,54966,94155878
0.5527,55379,94211257
0.5526,54488,94265745
0.5525,55504,94321249
0.5524,54300,94375549
0.5523,54727,94430276
0.5522,54751,94485027
0.5521,55213,94540240
0.552,55560,94595800
0.5519,55089,94650889
0.5518,55207,94706096
0.5517,56101,94762197
0.5516,54840,94817037
0.5515,54930,94871967
0.5514,54973,94926940
0.5513,57187,94984127
0.5512,55904,95040031
0.5511,54479,95094510
0.551,55120,95149630
0.5509,55180,95204810
0.5508,54253,95259063
0.5507,55386,95314449
0.5506,56248,95370697
0.5505,55713,95426410
0.5504,55245,95481655
0.5503,55099,95536754
0.5502,55206,95591960
0.5501,55324,95647284
0.55,55392,95702676
0.5499,55300,95757976
0.5498,55546,95813522
0.5497,54483,95868005
0.5496,55430,95923435
0.5495,55099,95978534
0.5494,55743,96034277
0.5493,55437,96089714
0.5492,55289,96145003
0.5491,55669,96200672
0.549,55608,96256280
0.5489,55406,96311686
0.5488,55027,96366713
0.5487,54799,96421512
0.5486,56162,96477674
0.5485,56834,96534508
0.5484,55985,96590493
0.5483,55185,96645678
0.5482,55097,96700775
0.5481,54697,96755472
0.548,56009,96811481
0.5479,55609,96867090
0.5478,55728,96922818
0.5477,56366,96979184
0.5476,55852,97035036
0.5475,55625,97090661
0.5474,56101,97146762
0.5473,57681,97204443
0.5472,55438,97259881
0.5471,56093,97315974
0.547,55752,97371726
0.5469,55947,97427673
0.5468,55198,97482871
0.5467,56422,97539293
0.5466,55899,97595192
0.5465,55868,97651060
0.5464,55781,97706841
0.5463,56818,97763659
0.5462,56008,97819667
0.5461,55514,97875181
0.546,56149,97931330
0.5459,77145,98008475
0.5458,56539,98065014
0.5457,56321,98121335
0.5456,55428,98176763
0.5455,56371,98233134
0.5454,55697,98288831
0.5453,55680,98344511
0.5452,55892,98400403
0.5451,55472,98455875
0.545,55661,98511536
0.5449,55691,98567227
0.5448,55786,98623013
0.5447,55886,98678899
0.5446,56525,98735424
0.5445,56023,98791447
0.5444,56434,98847881
0.5443,55384,98903265
0.5442,55657,98958922
0.5441,55798,99014720
0.544,55805,99070525
0.5439,55616,99126141
0.5438,56554,99182695
0.5437,56347,99239042
0.5436,57049,99296091
0.5435,56480,99352571
0.5434,56175,99408746
0.5433,56928,99465674
0.5432,55824,99521498
0.5431,56478,99577976
0.543,56439,99634415
0.5429,55949,99690364
0.5428,56908,99747272
0.5427,56382,99803654
0.5426,56840,99860494
0.5425,56513,99917007
0.5424,65912,99982919
0.5423,57636,100040555
0.5422,56131,100096686
0.5421,56552,100153238
0.542,56731,100209969
0.5419,57023,100266992
0.5418,56882,100323874
0.5417,56707,100380581
0.5416,56027,100436608
0.5415,56139,100492747
0.5414,56699,100549446
0.5413,56636,100606082
0.5412,56395,100662477
0.5411,56766,100719243
0.541,56346,100775589
0.5409,56550,100832139
0.5408,57188,100889327
0.5407,56226,100945553
0.5406,58540,101004093
0.5405,56541,101060634
0.5404,57941,101118575
0.5403,58462,101177037
0.5402,57349,101234386
0.5401,57112,101291498
0.54,56564,101348062
0.5399,59138,101407200
0.5398,56737,101463937
0.5397,56210,101520147
0.5396,55983,101576130
0.5395,57203,101633333
0.5394,56979,101690312
0.5393,57169,101747481
0.5392,57276,101804757
0.5391,56189,101860946
0.539,57810,101918756
0.5389,56993,101975749
0.5388,56912,102032661
0.5387,57593,102090254
0.5386,57075,102147329
0.5385,58182,102205511
0.5384,57013,102262524
0.5383,57188,102319712
0.5382,56774,102376486
0.5381,57819,102434305
0.538,56519,102490824
0.5379,57323,102548147
0.5378,56779,102604926
0.5377,57558,102662484
0.5376,58213,102720697
0.5375,57416,102778113
0.5374,57355,102835468
0.5373,57088,102892556
0.5372,58257,102950813
0.5371,57658,103008471
0.537,56713,103065184
0.5369,58099,103123283
0.5368,57839,103181122
0.5367,56992,103238114
0.5366,57246,103295360
0.5365,58397,103353757
0.5364,56774,103410531
0.5363,56969,103467500
0.5362,56825,103524325
0.5361,56775,103581100
0.536,57459,103638559
0.5359,57391,103695950
0.5358,57621,103753571
0.5357,56899,103810470
0.5356,57301,103867771
0.5355,57467,103925238
0.5354,57188,103982426
0.5353,57654,104040080
0.5352,57675,104097755
0.5351,57427,104155182
0.535,57483,104212665
0.5349,57820,104270485
0.5348,57566,104328051
0.5347,57764,104385815
0.5346,57282,104443097
0.5345,57853,104500950
0.5344,57255,104558205
0.5343,57684,104615889
0.5342,57453,104673342
0.5341,58513,104731855
0.534,58245,104790100
0.5339,57601,104847701
0.5338,58030,104905731
0.5337,58452,104964183
0.5336,58156,105022339
0.5335,57973,105080312
0.5334,57771,105138083
0.5333,57580,105195663
0.5332,57432,105253095
0.5331,58281,105311376
0.533,58583,105369959
0.5329,58303,105428262
0.5328,58476,105486738
0.5327,57614,105544352
0.5326,58647,105602999
0.5325,58184,105661183
0.5324,58528,105719711
0.5323,57981,105777692
0.5322,58289,105835981
0.5321,58248,105894229
0.532,58881,105953110
0.5319,57939,106011049
0.5318,57790,106068839
0.5317,58035,106126874
0.5316,57822,106184696
0.5315,58484,106243180
0.5314,58250,106301430
0.5313,59003,106360433
0.5312,58185,106418618
0.5311,62443,106481061
0.531,58595,106539656
0.5309,59085,106598741
0.5308,58225,106656966
0.5307,57768,106714734
0.5306,58885,106773619
0.5305,57995,106831614
0.5304,58996,106890610
0.5303,58519,106949129
0.5302,57669,107006798
0.5301,60034,107066832
0.53,58712,107125544
0.5299,58452,107183996
0.5298,58482,107242478
0.5297,58379,107300857
0.5296,58644,107359501
0.5295,60474,107419975
0.5294,58869,107478844
0.5293,58775,107537619
0.5292,58664,107596283
0.5291,58909,107655192
0.529,58753,107713945
0.5289,58974,107772919
0.5288,58773,107831692
0.5287,58745,107890437
0.5286,58954,107949391
0.5285,58089,108007480
0.5284,58863,108066343
0.5283,58767,108125110
0.5282,58785,108183895
0.5281,58856,108242751
0.528,58336,108301087
0.5279,58601,108359688
0.5278,59474,108419162
0.5277,59072,108478234
0.5276,59564,108537798
0.5275,59117,108596915
0.5274,58668,108655583
0.5273,59123,108714706
0.5272,59566,108774272
0.5271,59341,108833613
0.527,59153,108892766
0.5269,58926,108951692
0.5268,59155,109010847
0.5267,58793,109069640
0.5266,60442,109130082
0.5265,60472,109190554
0.5264,58570,109249124
0.5263,58890,109308014
0.5262,59502,109367516
0.5261,59227,109426743
0.526,59595,109486338
0.5259,59435,109545773
0.5258,59462,109605235
0.5257,59087,109664322
0.5256,59142,109723464
0.5255,59318,109782782
0.5254,59578,109842360
0.5253,59287,109901647
0.5252,59490,109961137
0.5251,59046,110020183
0.525,59468,110079651
0.5249,59949,110139600
0.5248,59302,110198902
0.5247,59192,110258094
0.5246,59326,110317420
0.5245,59533,110376953
0.5244,60052,110437005
0.5243,60193,110497198
0.5242,59310,110556508
0.5241,58679,110615187
0.524,59915,110675102
0.5239,59250,110734352
0.5238,58963,110793315
0.5237,59423,110852738
0.5236,59603,110912341
0.5235,60062,110972403
0.5234,59572,111031975
0.5233,59490,111091465
0.5232,59435,111150900
0.5231,59909,111210809
0.523,60093,111270902
0.5229,59057,111329959
0.5228,60033,111389992
0.5227,59429,111449421
0.5226,59256,111508677
0.5225,59216,111567893
0.5224,60380,111628273
0.5223,59570,111687843
0.5222,59935,111747778
0.5221,60073,111807851
0.522,59782,111867633
0.5219,59901,111927534
0.5218,60003,111987537
0.5217,59450,112046987
0.5216,59768,112106755
0.5215,60105,112166860
0.5214,59332,112226192
0.5213,59886,112286078
0.5212,59206,112345284
0.5211,60077,112405361
0.521,60947,112466308
0.5209,59588,112525896
0.5208,59950,112585846
0.5207,60124,112645970
0.5206,59597,112705567
0.5205,60113,112765680
0.5204,59623,112825303
0.5203,60751,112886054
0.5202,60724,112946778
0.5201,60720,113007498
0.52,59996,113067494
0.5199,60308,113127802
0.5198,60828,113188630
0.5197,59843,113248473
0.5196,61173,113309646
0.5195,60567,113370213
0.5194,60101,113430314
0.5193,59957,113490271
0.5192,60417,113550688
0.5191,60350,113611038
0.519,61011,113672049
0.5189,60435,113732484
0.5188,60614,113793098
0.5187,60212,113853310
0.5186,60049,113913359
0.5185,60495,113973854
0.5184,60727,114034581
0.5183,60862,114095443
0.5182,60910,114156353
0.5181,59959,114216312
0.518,60023,114276335
0.5179,60331,114336666
0.5178,60830,114397496
0.5177,60416,114457912
0.5176,60458,114518370
0.5175,60710,114579080
0.5174,60590,114639670
0.5173,61096,114700766
0.5172,60692,114761458
0.5171,61205,114822663
0.517,60823,114883486
0.5169,61613,114945099
0.5168,60756,115005855
0.5167,60886,115066741
0.5166,60748,115127489
0.5165,60384,115187873
0.5164,59836,115247709
0.5163,60966,115308675
0.5162,60698,115369373
0.5161,60374,115429747
0.516,60589,115490336
0.5159,61208,115551544
0.5158,60904,115612448
0.5157,60822,115673270
0.5156,60717,115733987
0.5155,61374,115795361
0.5154,60272,115855633
0.5153,62282,115917915
0.5152,60605,115978520
0.5151,60873,116039393
0.515,60670,116100063
0.5149,60412,116160475
0.5148,60980,116221455
0.5147,60371,116281826
0.5146,60857,116342683
0.5145,60802,116403485
0.5144,60922,116464407
0.5143,61130,116525537
0.5142,61714,116587251
0.5141,61023,116648274
0.514,61479,116709753
0.5139,60466,116770219
0.5138,61003,116831222
0.5137,61095,116892317
0.5136,60719,116953036
0.5135,61688,117014724
0.5134,61741,117076465
0.5133,60923,117137388
0.5132,61368,117198756
0.5131,61859,117260615
0.513,61162,117321777
0.5129,61074,117382851
0.5128,60984,117443835
0.5127,61514,117505349
0.5126,60977,117566326
0.5125,61227,117627553
0.5124,61704,117689257
0.5123,61364,117750621
0.5122,61093,117811714
0.5121,61094,117872808
0.512,61523,117934331
0.5119,61358,117995689
0.5118,60936,118056625
0.5117,61475,118118100
0.5116,61707,118179807
0.5115,61893,118241700
0.5114,60552,118302252
0.5113,62147,118364399
0.5112,61078,118425477
0.5111,62689,118488166
0.511,62131,118550297
0.5109,61229,118611526
0.5108,61148,118672674
0.5107,62648,118735322
0.5106,61177,118796499
0.5105,61652,118858151
0.5104,61518,118919669
0.5103,61816,118981485
0.5102,62310,119043795
0.5101,61977,119105772
0.51,61589,119167361
0.5099,61903,119229264
0.5098,60765,119290029
0.5097,62184,119352213
0.5096,61713,119413926
0.5095,62086,119476012
0.5094,61219,119537231
0.5093,61214,119598445
0.5092,61880,119660325
0.5091,61659,119721984
0.509,62077,119784061
0.5089,61978,119846039
0.5088,62476,119908515
0.5087,61792,119970307
0.5086,62214,120032521
0.5085,62600,120095121
0.5084,62334,120157455
0.5083,62031,120219486
0.5082,62043,120281529
0.5081,62675,120344204
0.508,61873,120406077
0.5079,61940,120468017
0.5078,62557,120530574
0.5077,62628,120593202
0.5076,62061,120655263
0.5075,62425,120717688
0.5074,61931,120779619
0.5073,62561,120842180
0.5072,61891,120904071
0.5071,62618,120966689
0.507,62564,121029253
0.5069,62231,121091484
0.5068,62651,121154135
0.5067,62125,121216260
0.5066,62541,121278801
0.5065,62162,121340963
0.5064,62696,121403659
0.5063,63262,121466921
0.5062,62180,121529101
0.5061,62348,121591449
0.506,62116,121653565
0.5059,63426,121716991
0.5058,62203,121779194
0.5057,62721,121841915
0.5056,63028,121904943
0.5055,62678,121967621
0.5054,62790,122030411
0.5053,62508,122092919
0.5052,62190,122155109
0.5051,62861,122217970
0.505,62601,122280571
0.5049,62462,122343033
0.5048,62633,122405666
0.5047,62985,122468651
0.5046,62559,122531210
0.5045,62705,122593915
0.5044,63381,122657296
0.5043,63047,122720343
0.5042,66428,122786771
0.5041,62356,122849127
0.504,63596,122912723
0.5039,62852,122975575
0.5038,63111,123038686
0.5037,62416,123101102
0.5036,62628,123163730
0.5035,62590,123226320
0.5034,63330,123289650
0.5033,63045,123352695
0.5032,62264,123414959
0.5031,62944,123477903
0.503,63551,123541454
0.5029,63352,123604806
0.5028,62694,123667500
0.5027,63274,123730774
0.5026,63209,123793983
0.5025,62951,123856934
0.5024,63506,123920440
0.5023,63119,123983559
0.5022,62635,124046194
0.5021,63881,124110075
0.502,63231,124173306
0.5019,63039,124236345
0.5018,63054,124299399
0.5017,63358,124362757
0.5016,62412,124425169
0.5015,62697,124487866
0.5014,63718,124551584
0.5013,63616,124615200
0.5012,63652,124678852
0.5011,63382,124742234
0.501,62994,124805228
0.5009,62760,124867988
0.5008,63323,124931311
0.5007,63000,124994311
0.5006,64124,125058435
0.5005,63167,125121602
0.5004,65211,125186813
0.5003,63407,125250220
0.5002,63019,125313239
0.5001,63055,125376294
0.5,62980,125439274
0.4999,63285,125502559
0.4998,63196,125565755
0.4997,63412,125629167
0.4996,64133,125693300
0.4995,63486,125756786
0.4994,62965,125819751
0.4993,62977,125882728
0.4992,64206,125946934
0.4991,64050,126010984
0.499,63967,126074951
0.4989,64787,126139738
0.4988,63354,126203092
0.4987,63158,126266250
0.4986,63728,126329978
0.4985,63283,126393261
0.4984,64610,126457871
0.4983,64137,126522008
0.4982,63840,126585848
0.4981,64120,126649968
0.498,62927,126712895
0.4979,63915,126776810
0.4978,64318,126841128
0.4977,63216,126904344
0.4976,63708,126968052
0.4975,63414,127031466
0.4974,63910,127095376
0.4973,63990,127159366
0.4972,63984,127223350
0.4971,63950,127287300
0.497,64972,127352272
0.4969,64578,127416850
0.4968,63767,127480617
0.4967,64144,127544761
0.4966,64439,127609200
0.4965,63410,127672610
0.4964,63758,127736368
0.4963,64438,127800806
0.4962,63670,127864476
0.4961,64694,127929170
0.496,64565,127993735
0.4959,63923,128057658
0.4958,64404,128122062
0.4957,64159,128186221
0.4956,64253,128250474
0.4955,63986,128314460
0.4954,63791,128378251
0.4953,64426,128442677
0.4952,63385,128506062
0.4951,64059,128570121
0.495,65053,128635174
0.4949,64637,128699811
0.4948,63882,128763693
0.4947,64629,128828322
0.4946,64114,128892436
0.4945,64423,128956859
0.4944,64377,129021236
0.4943,64531,129085767
0.4942,64692,129150459
0.4941,64720,129215179
0.494,64428,129279607
0.4939,64424,129344031
0.4938,63929,129407960
0.4937,64272,129472232
0.4936,64318,129536550
0.4935,64583,129601133
0.4934,64648,129665781
0.4933,64929,129730710
0.4932,64595,129795305
0.4931,64487,129859792
0.493,64497,129924289
0.4929,64337,129988626
0.4928,64916,130053542
0.4927,64852,130118394
0.4926,64277,130182671
0.4925,64667,130247338
0.4924,64581,130311919
0.4923,64845,130376764
0.4922,64566,130441330
0.4921,64408,130505738
0.492,64893,130570631
0.4919,63721,130634352
0.4918,65327,130699679
0.4917,64186,130763865
0.4916,65192,130829057
0.4915,65231,130894288
0.4914,65780,130960068
0.4913,64868,131024936
0.4912,65080,131090016
0.4911,64384,131154400
0.491,65135,131219535
0.4909,64721,131284256
0.4908,65542,131349798
0.4907,64752,131414550
0.4906,64707,131479257
0.4905,64890,131544147
0.4904,66325,131610472
0.4903,64460,131674932
0.4902,64778,131739710
0.4901,65069,131804779
0.49,65067,131869846
0.4899,65031,131934877
0.4898,64590,131999467
0.4897,65680,132065147
0.4896,64974,132130121
0.4895,65105,132195226
0.4894,65546,132260772
0.4893,65158,132325930
0.4892,65126,132391056
0.4891,64802,132455858
0.489,64971,132520829
0.4889,65098,132585927
0.4888,65560,132651487
0.4887,65676,132717163
0.4886,65941,132783104
0.4885,65127,132848231
0.4884,65374,132913605
0.4883,64953,132978558
0.4882,65332,133043890
0.4881,65989,133109879
0.488,64600,133174479
0.4879,65281,133239760
0.4878,65687,133305447
0.4877,65750,133371197
0.4876,65635,133436832
0.4875,65674,133502506
0.4874,65486,133567992
0.4873,65085,133633077
0.4872,64711,133697788
0.4871,65986,133763774
0.487,66296,133830070
0.4869,65649,133895719
0.4868,65020,133960739
0.4867,65111,134025850
0.4866,65901,134091751
0.4865,65594,134157345
0.4864,65606,134222951
0.4863,65520,134288471
0.4862,65944,134354415
0.4861,65636,134420051
0.486,65495,134485546
0.4859,65157,134550703
0.4858,65643,134616346
0.4857,65392,134681738
0.4856,65384,134747122
0.4855,65708,134812830
0.4854,66666,134879496
0.4853,65986,134945482
0.4852,65595,135011077
0.4851,65570,135076647
0.485,66249,135142896
0.4849,66022,135208918
0.4848,65854,135274772
0.4847,65034,135339806
0.4846,65494,135405300
0.4845,66005,135471305
0.4844,65805,135537110
0.4843,65456,135602566
0.4842,66313,135668879
0.4841,65663,135734542
0.484,66658,135801200
0.4839,65674,135866874
0.4838,65839,135932713
0.4837,66379,135999092
0.4836,65975,136065067
0.4835,66069,136131136
0.4834,66230,136197366
0.4833,66504,136263870
0.4832,65978,136329848
0.4831,64973,136394821
0.483,65835,136460656
0.4829,65841,136526497
0.4828,66600,136593097
0.4827,66831,136659928
0.4826,66059,136725987
0.4825,66050,136792037
0.4824,67156,136859193
0.4823,65855,136925048
0.4822,65343,136990391
0.4821,66379,137056770
0.482,65987,137122757
0.4819,66268,137189025
0.4818,66833,137255858
0.4817,66005,137321863
0.4816,65707,137387570
0.4815,66340,137453910
0.4814,66548,137520458
0.4813,66160,137586618
0.4812,66341,137652959
0.4811,65880,137718839
0.481,66005,137784844
0.4809,66433,137851277
0.4808,66228,137917505
0.4807,66385,137983890
0.4806,65654,138049544
0.4805,66457,138116001
0.4804,65648,138181649
0.4803,66264,138247913
0.4802,66972,138314885
0.4801,67295,138382180
0.48,66907,138449087
0.4799,66432,138515519
0.4798,66466,138581985
0.4797,65880,138647865
0.4796,65694,138713559
0.4795,66406,138779965
0.4794,66518,138846483
0.4793,66313,138912796
0.4792,66275,138979071
0.4791,67204,139046275
0.479,67411,139113686
0.4789,66159,139179845
0.4788,66202,139246047
0.4787,67810,139313857
0.4786,66281,139380138
0.4785,66290,139446428
0.4784,66195,139512623
0.4783,67533,139580156
0.4782,66723,139646879
0.4781,67225,139714104
0.478,67565,139781669
0.4779,67021,139848690
0.4778,66691,139915381
0.4777,66827,139982208
0.4776,66750,140048958
0.4775,67384,140116342
0.4774,67491,140183833
0.4773,67469,140251302
0.4772,66854,140318156
0.4771,67384,140385540
0.477,66794,140452334
0.4769,66874,140519208
0.4768,67406,140586614
0.4767,67243,140653857
0.4766,66633,140720490
0.4765,67182,140787672
0.4764,67455,140855127
0.4763,67072,140922199
0.4762,67403,140989602
0.4761,67611,141057213
0.476,66252,141123465
0.4759,68290,141191755
0.4758,68217,141259972
0.4757,66620,141326592
0.4756,67018,141393610
0.4755,66963,141460573
0.4754,67148,141527721
0.4753,68053,141595774
0.4752,66845,141662619
0.4751,67509,141730128
0.475,67371,141797499
0.4749,67116,141864615
0.4748,67633,141932248
0.4747,67655,141999903
0.4746,67770,142067673
0.4745,67611,142135284
0.4744,67900,142203184
0.4743,67753,142270937
0.4742,67937,142338874
0.4741,68002,142406876
0.474,68099,142474975
0.4739,67932,142542907
0.4738,68206,142611113
0.4737,67273,142678386
0.4736,68211,142746597
0.4735,67692,142814289
0.4734,68116,142882405
0.4733,67999,142950404
0.4732,67115,143017519
0.4731,67876,143085395
0.473,67848,143153243
0.4729,67824,143221067
0.4728,69831,143290898
0.4727,69778,143360676
0.4726,67065,143427741
0.4725,67338,143495079
0.4724,67889,143562968
0.4723,67765,143630733
0.4722,68252,143698985
0.4721,67208,143766193
0.472,67588,143833781
0.4719,68068,143901849
0.4718,68327,143970176
0.4717,67744,144037920
0.4716,67252,144105172
0.4715,67749,144172921
0.4714,68184,144241105
0.4713,68199,144309304
0.4712,67485,144376789
0.4711,67596,144444385
0.471,68765,144513150
0.4709,68651,144581801
0.4708,68012,144649813
0.4707,68142,144717955
0.4706,67711,144785666
0.4705,68415,144854081
0.4704,68244,144922325
0.4703,69005,144991330
0.4702,67974,145059304
0.4701,67288,145126592
0.47,69155,145195747
0.4699,68936,145264683
0.4698,67809,145332492
0.4697,68725,145401217
0.4696,67787,145469004
0.4695,68898,145537902
0.4694,68105,145606007
0.4693,68739,145674746
0.4692,68090,145742836
0.4691,68733,145811569
0.469,68669,145880238
0.4689,67820,145948058
0.4688,68678,146016736
0.4687,67543,146084279
0.4686,70474,146154753
0.4685,68431,146223184
0.4684,68118,146291302
0.4683,68735,146360037
0.4682,68649,146428686
0.4681,68673,146497359
0.468,67835,146565194
0.4679,68290,146633484
0.4678,68912,146702396
0.4677,68936,146771332
0.4676,68221,146839553
0.4675,68318,146907871
0.4674,69411,146977282
0.4673,68634,147045916
0.4672,69253,147115169
0.4671,68489,147183658
0.467,69413,147253071
0.4669,69078,147322149
0.4668,68947,147391096
0.4667,68387,147459483
0.4666,68458,147527941
0.4665,68444,147596385
0.4664,68610,147664995
0.4663,69675,147734670
0.4662,68490,147803160
0.4661,68325,147871485
0.466,68672,147940157
0.4659,69299,148009456
0.4658,69775,148079231
0.4657,68748,148147979
0.4656,69654,148217633
0.4655,68792,148286425
0.4654,68313,148354738
0.4653,69306,148424044
0.4652,69150,148493194
0.4651,69093,148562287
0.465,68339,148630626
0.4649,69715,148700341
0.4648,69175,148769516
0.4647,68726,148838242
0.4646,69237,148907479
0.4645,69729,148977208
0.4644,69376,149046584
0.4643,69026,149115610
0.4642,69182,149184792
0.4641,70100,149254892
0.464,69364,149324256
0.4639,69071,149393327
0.4638,68853,149462180
0.4637,69709,149531889
0.4636,70024,149601913
0.4635,69045,149670958
0.4634,68598,149739556
0.4633,69295,149808851
0.4632,69429,149878280
0.4631,69194,149947474
0.463,70163,150017637
0.4629,68777,150086414
0.4628,69284,150155698
0.4627,69842,150225540
0.4626,69119,150294659
0.4625,69221,150363880
0.4624,69314,150433194
0.4623,68671,150501865
0.4622,69573,150571438
0.4621,70176,150641614
0.462,70388,150712002
0.4619,69304,150781306
0.4618,70428,150851734
0.4617,68817,150920551
0.4616,70055,150990606
0.4615,69056,151059662
0.4614,69655,151129317
0.4613,69295,151198612
0.4612,70307,151268919
0.4611,69706,151338625
0.461,69302,151407927
0.4609,69070,151476997
0.4608,69593,151546590
0.4607,69684,151616274
0.4606,69900,151686174
0.4605,70303,151756477
0.4604,70122,151826599
0.4603,69167,151895766
0.4602,69804,151965570
0.4601,70417,152035987
0.46,69409,152105396
0.4599,70102,152175498
0.4598,69202,152244700
0.4597,69515,152314215
0.4596,70257,152384472
0.4595,70389,152454861
0.4594,68762,152523623
0.4593,70498,152594121
0.4592,70091,152664212
0.4591,70360,152734572
0.459,70070,152804642
0.4589,69695,152874337
0.4588,70796,152945133
0.4587,70050,153015183
0.4586,69815,153084998
0.4585,70329,153155327
0.4584,70377,153225704
0.4583,70568,153296272
0.4582,70255,153366527
0.4581,70302,153436829
0.458,69982,153506811
0.4579,69518,153576329
0.4578,70583,153646912
0.4577,70561,153717473
0.4576,70142,153787615
0.4575,69381,153856996
0.4574,70268,153927264
0.4573,70118,153997382
0.4572,70289,154067671
0.4571,70278,154137949
0.457,70474,154208423
0.4569,70007,154278430
0.4568,71317,154349747
0.4567,70033,154419780
0.4566,70629,154490409
0.4565,70971,154561380
0.4564,70474,154631854
0.4563,71236,154703090
0.4562,70763,154773853
0.4561,70445,154844298
0.456,70232,154914530
0.4559,70691,154985221
0.4558,70482,155055703
0.4557,69889,155125592
0.4556,69717,155195309
0.4555,70271,155265580
0.4554,70170,155335750
0.4553,70545,155406295
0.4552,70932,155477227
0.4551,70691,155547918
0.455,69829,155617747
0.4549,70212,155687959
0.4548,71116,155759075
0.4547,70497,155829572
0.4546,70799,155900371
0.4545,71174,155971545
0.4544,71072,156042617
0.4543,69705,156112322
0.4542,71231,156183553
0.4541,70675,156254228
0.454,70841,156325069
0.4539,71491,156396560
0.4538,70809,156467369
0.4537,71710,156539079
0.4536,70652,156609731
0.4535,71139,156680870
0.4534,71053,156751923
0.4533,70816,156822739
0.4532,70849,156893588
0.4531,70783,156964371
0.453,70806,157035177
0.4529,71693,157106870
0.4528,71761,157178631
0.4527,71000,157249631
0.4526,71627,157321258
0.4525,70529,157391787
0.4524,71229,157463016
0.4523,70938,157533954
0.4522,71344,157605298
0.4521,71770,157677068
0.452,71541,157748609
0.4519,71121,157819730
0.4518,71067,157890797
0.4517,74290,157965087
0.4516,71418,158036505
0.4515,72099,158108604
0.4514,70929,158179533
0.4513,70862,158250395
0.4512,70304,158320699
0.4511,71100,158391799
0.451,70821,158462620
0.4509,71333,158533953
0.4508,71414,158605367
0.4507,71121,158676488
0.4506,71980,158748468
0.4505,73624,158822092
0.4504,72293,158894385
0.4503,72108,158966493
0.4502,71870,159038363
0.4501,72574,159110937
0.45,71026,159181963
0.4499,71968,159253931
0.4498,71239,159325170
0.4497,71884,159397054
0.4496,72456,159469510
0.4495,71921,159541431
0.4494,71084,159612515
0.4493,71418,159683933
0.4492,71276,159755209
0.4491,71702,159826911
0.449,71283,159898194
0.4489,71483,159969677
0.4488,72086,160041763
0.4487,72132,160113895
0.4486,72304,160186199
0.4485,74885,160261084
0.4484,71491,160332575
0.4483,72015,160404590
0.4482,72004,160476594
0.4481,72043,160548637
0.448,71343,160619980
0.4479,71414,160691394
0.4478,71445,160762839
0.4477,72064,160834903
0.4476,71679,160906582
0.4475,72391,160978973
0.4474,71886,161050859
0.4473,72143,161123002
0.4472,72743,161195745
0.4471,71288,161267033
0.447,71121,161338154
0.4469,71834,161409988
0.4468,72473,161482461
0.4467,72234,161554695
0.4466,72020,161626715
0.4465,72705,161699420
0.4464,72382,161771802
0.4463,72006,161843808
0.4462,71988,161915796
0.4461,72640,161988436
0.446,72218,162060654
0.4459,72321,162132975
0.4458,71565,162204540
0.4457,72425,162276965
0.4456,72717,162349682
0.4455,72055,162421737
0.4454,72870,162494607
0.4453,72299,162566906
0.4452,72567,162639473
0.4451,72290,162711763
0.445,72496,162784259
0.4449,72762,162857021
0.4448,72479,162929500
0.4447,72271,163001771
0.4446,72757,163074528
0.4445,73313,163147841
0.4444,73016,163220857
0.4443,72470,163293327
0.4442,72330,163365657
0.4441,73171,163438828
0.444,73092,163511920
0.4439,72054,163583974
0.4438,72515,163656489
0.4437,72671,163729160
0.4436,75004,163804164
0.4435,72783,163876947
0.4434,73218,163950165
0.4433,72435,164022600
0.4432,72900,164095500
0.4431,73484,164168984
0.443,72866,164241850
0.4429,72765,164314615
0.4428,72984,164387599
0.4427,72978,164460577
0.4426,72653,164533230
0.4425,72589,164605819
0.4424,72999,164678818
0.4423,72886,164751704
0.4422,73509,164825213
0.4421,72717,164897930
0.442,73051,164970981
0.4419,73424,165044405
0.4418,72634,165117039
0.4417,73020,165190059
0.4416,73024,165263083
0.4415,72945,165336028
0.4414,73819,165409847
0.4413,73076,165482923
0.4412,72944,165555867
0.4411,72335,165628202
0.441,72418,165700620
0.4409,72896,165773516
0.4408,72257,165845773
0.4407,73141,165918914
0.4406,73109,165992023
0.4405,72953,166064976
0.4404,73186,166138162
0.4403,73356,166211518
0.4402,74121,166285639
0.4401,73499,166359138
0.44,72443,166431581
0.4399,73264,166504845
0.4398,72776,166577621
0.4397,73275,166650896
0.4396,73282,166724178
0.4395,72759,166796937
0.4394,73157,166870094
0.4393,74140,166944234
0.4392,73977,167018211
0.4391,73575,167091786
0.439,73444,167165230
0.4389,73074,167238304
0.4388,73876,167312180
0.4387,72643,167384823
0.4386,74051,167458874
0.4385,73439,167532313
0.4384,74295,167606608
0.4383,73718,167680326
0.4382,73268,167753594
0.4381,73077,167826671
0.438,74136,167900807
0.4379,73710,167974517
0.4378,73282,168047799
0.4377,73336,168121135
0.4376,73220,168194355
0.4375,74104,168268459
0.4374,73800,168342259
0.4373,73693,168415952
0.4372,73313,168489265
0.4371,74084,168563349
0.437,74260,168637609
0.4369,73824,168711433
0.4368,73078,168784511
0.4367,74287,168858798
0.4366,73997,168932795
0.4365,74014,169006809
0.4364,74373,169081182
0.4363,74455,169155637
0.4362,73573,169229210
0.4361,74339,169303549
0.436,73489,169377038
0.4359,73758,169450796
0.4358,73710,169524506
0.4357,73891,169598397
0.4356,74300,169672697
0.4355,73773,169746470
0.4354,73851,169820321
0.4353,72780,169893101
0.4352,73349,169966450
0.4351,74776,170041226
0.435,73383,170114609
0.4349,74066,170188675
0.4348,74847,170263522
0.4347,73880,170337402
0.4346,74423,170411825
0.4345,75076,170486901
0.4344,74902,170561803
0.4343,73581,170635384
0.4342,74855,170710239
0.4341,74786,170785025
0.434,74966,170859991
0.4339,74410,170934401
0.4338,74683,171009084
0.4337,74197,171083281
0.4336,74308,171157589
0.4335,74354,171231943
0.4334,74904,171306847
0.4333,73640,171380487
0.4332,76086,171456573
0.4331,74671,171531244
0.433,75629,171606873
0.4329,73933,171680806
0.4328,74099,171754905
0.4327,74682,171829587
0.4326,74830,171904417
0.4325,75025,171979442
0.4324,74597,172054039
0.4323,75579,172129618
0.4322,75033,172204651
0.4321,75239,172279890
0.432,75548,172355438
0.4319,74462,172429900
0.4318,74045,172503945
0.4317,74477,172578422
0.4316,77814,172656236
0.4315,74677,172730913
0.4314,74549,172805462
0.4313,75817,172881279
0.4312,75124,172956403
0.4311,75875,173032278
0.431,75569,173107847
0.4309,74941,173182788
0.4308,74954,173257742
0.4307,75424,173333166
0.4306,75107,173408273
0.4305,75612,173483885
0.4304,74063,173557948
0.4303,75954,173633902
0.4302,75381,173709283
0.4301,75013,173784296
0.43,75476,173859772
0.4299,74553,173934325
0.4298,75186,174009511
0.4297,75641,174085152
0.4296,75452,174160604
0.4295,75583,174236187
0.4294,75786,174311973
0.4293,75447,174387420
0.4292,74972,174462392
0.4291,75354,174537746
0.429,75120,174612866
0.4289,75871,174688737
0.4288,76088,174764825
0.4287,75526,174840351
0.4286,75588,174915939
0.4285,75517,174991456
0.4284,75817,175067273
0.4283,75318,175142591
0.4282,75795,175218386
0.4281,75545,175293931
0.428,77847,175371778
0.4279,76041,175447819
0.4278,75494,175523313
0.4277,75712,175599025
0.4276,75289,175674314
0.4275,75967,175750281
0.4274,75271,175825552
0.4273,75405,175900957
0.4272,76142,175977099
0.4271,75876,176052975
0.427,74969,176127944
0.4269,75719,176203663
0.4268,76002,176279665
0.4267,76726,176356391
0.4266,75992,176432383
0.4265,76299,176508682
0.4264,75557,176584239
0.4263,76080,176660319
0.4262,75782,176736101
0.4261,75740,176811841
0.426,76195,176888036
0.4259,75826,176963862
0.4258,76749,177040611
0.4257,75768,177116379
0.4256,75836,177192215
0.4255,75529,177267744
0.4254,76622,177344366
0.4253,76790,177421156
0.4252,75691,177496847
0.4251,75805,177572652
0.425,76003,177648655
0.4249,76106,177724761
0.4248,76020,177800781
0.4247,76986,177877767
0.4246,76998,177954765
0.4245,75618,178030383
0.4244,76504,178106887
0.4243,76226,178183113
0.4242,75982,178259095
0.4241,75959,178335054
0.424,75959,178411013
0.4239,76398,178487411
0.4238,76422,178563833
0.4237,75958,178639791
0.4236,75780,178715571
0.4235,76193,178791764
0.4234,76865,178868629
0.4233,76603,178945232
0.4232,77177,179022409
0.4231,76040,179098449
0.423,77453,179175902
0.4229,76343,179252245
0.4228,77395,179329640
0.4227,76430,179406070
0.4226,76334,179482404
0.4225,76723,179559127
0.4224,76229,179635356
0.4223,76567,179711923
0.4222,76519,179788442
0.4221,76960,179865402
0.422,77073,179942475
0.4219,77442,180019917
0.4218,77081,180096998
0.4217,75955,180172953
0.4216,76437,180249390
0.4215,77339,180326729
0.4214,77007,180403736
0.4213,77414,180481150
0.4212,76804,180557954
0.4211,78287,180636241
0.421,76618,180712859
0.4209,76631,180789490
0.4208,76619,180866109
0.4207,77012,180943121
0.4206,77141,181020262
0.4205,77418,181097680
0.4204,77333,181175013
0.4203,77261,181252274
0.4202,77663,181329937
0.4201,76708,181406645
0.42,76719,181483364
0.4199,76670,181560034
0.4198,77206,181637240
0.4197,76895,181714135
0.4196,77757,181791892
0.4195,76943,181868835
0.4194,76718,181945553
0.4193,76937,182022490
0.4192,77553,182100043
0.4191,76953,182176996
0.419,78086,182255082
0.4189,77034,182332116
0.4188,77477,182409593
0.4187,77430,182487023
0.4186,77383,182564406
0.4185,77385,182641791
0.4184,77524,182719315
0.4183,77530,182796845
0.4182,77598,182874443
0.4181,76764,182951207
0.418,78605,183029812
0.4179,77141,183106953
0.4178,77894,183184847
0.4177,77294,183262141
0.4176,79662,183341803
0.4175,77822,183419625
0.4174,78115,183497740
0.4173,78052,183575792
0.4172,77188,183652980
0.4171,78181,183731161
0.417,77882,183809043
0.4169,77367,183886410
0.4168,77625,183964035
0.4167,77314,184041349
0.4166,77558,184118907
0.4165,78376,184197283
0.4164,78563,184275846
0.4163,78192,184354038
0.4162,78544,184432582
0.4161,77384,184509966
0.416,77804,184587770
0.4159,77777,184665547
0.4158,77369,184742916
0.4157,77768,184820684
0.4156,78405,184899089
0.4155,77754,184976843
0.4154,77784,185054627
0.4153,78872,185133499
0.4152,78155,185211654
0.4151,78704,185290358
0.415,78823,185369181
0.4149,78908,185448089
0.4148,81074,185529163
0.4147,78255,185607418
0.4146,78886,185686304
0.4145,77449,185763753
0.4144,77884,185841637
0.4143,79065,185920702
0.4142,78556,185999258
0.4141,77818,186077076
0.414,78227,186155303
0.4139,78472,186233775
0.4138,78306,186312081
0.4137,78733,186390814
0.4136,78240,186469054
0.4135,78736,186547790
0.4134,78205,186625995
0.4133,78526,186704521
0.4132,78206,186782727
0.4131,79184,186861911
0.413,78438,186940349
0.4129,78773,187019122
0.4128,79077,187098199
0.4127,78350,187176549
0.4126,78123,187254672
0.4125,78871,187333543
0.4124,81613,187415156
0.4123,78555,187493711
0.4122,78559,187572270
0.4121,79024,187651294
0.412,78788,187730082
0.4119,79000,187809082
0.4118,79033,187888115
0.4117,79280,187967395
0.4116,78713,188046108
0.4115,79294,188125402
0.4114,79174,188204576
0.4113,79376,188283952
0.4112,79935,188363887
0.4111,79924,188443811
0.411,79129,188522940
0.4109,78787,188601727
0.4108,79471,188681198
0.4107,79543,188760741
0.4106,79721,188840462
0.4105,80141,188920603
0.4104,79041,188999644
0.4103,78970,189078614
0.4102,79047,189157661
0.4101,79503,189237164
0.41,79325,189316489
0.4099,79407,189395896
0.4098,79313,189475209
0.4097,79830,189555039
0.4096,78727,189633766
0.4095,78718,189712484
0.4094,79140,189791624
0.4093,79806,189871430
0.4092,79114,189950544
0.4091,78652,190029196
0.409,79665,190108861
0.4089,79688,190188549
0.4088,79891,190268440
0.4087,79602,190348042
0.4086,79616,190427658
0.4085,79239,190506897
0.4084,79224,190586121
0.4083,80320,190666441
0.4082,79599,190746040
0.4081,79437,190825477
0.408,79552,190905029
0.4079,79066,190984095
0.4078,79863,191063958
0.4077,80030,191143988
0.4076,79176,191223164
0.4075,79697,191302861
0.4074,80170,191383031
0.4073,79458,191462489
0.4072,80369,191542858
0.4071,79345,191622203
0.407,79601,191701804
0.4069,80528,191782332
0.4068,79313,191861645
0.4067,79698,191941343
0.4066,80327,192021670
0.4065,80106,192101776
0.4064,79056,192180832
0.4063,80046,192260878
0.4062,79804,192340682
0.4061,79334,192420016
0.406,79239,192499255
0.4059,80705,192579960
0.4058,80066,192660026
0.4057,80715,192740741
0.4056,80322,192821063
0.4055,79725,192900788
0.4054,80559,192981347
0.4053,80119,193061466
0.4052,80537,193142003
0.4051,80226,193222229
0.405,81017,193303246
0.4049,79952,193383198
0.4048,79686,193462884
0.4047,80899,193543783
0.4046,83457,193627240
0.4045,80452,193707692
0.4044,80402,193788094
0.4043,80763,193868857
0.4042,80335,193949192
0.4041,80232,194029424
0.404,79664,194109088
0.4039,81011,194190099
0.4038,79663,194269762
0.4037,80773,194350535
0.4036,80051,194430586
0.4035,81538,194512124
0.4034,80430,194592554
0.4033,80898,194673452
0.4032,81014,194754466
0.4031,80682,194835148
0.403,81320,194916468
0.4029,80787,194997255
0.4028,80875,195078130
0.4027,81343,195159473
0.4026,80896,195240369
0.4025,81819,195322188
0.4024,80802,195402990
0.4023,80143,195483133
0.4022,80597,195563730
0.4021,80943,195644673
0.402,80475,195725148
0.4019,81042,195806190
0.4018,81257,195887447
0.4017,81468,195968915
0.4016,80935,196049850
0.4015,80300,196130150
0.4014,81429,196211579
0.4013,80911,196292490
0.4012,81730,196374220
0.4011,81742,196455962
0.401,80984,196536946
0.4009,81133,196618079
0.4008,81298,196699377
0.4007,81733,196781110
0.4006,80914,196862024
0.4005,81783,196943807
0.4004,81435,197025242
0.4003,81868,197107110
0.4002,81100,197188210
0.4001,81548,197269758
0.4,81217,197350975
0.3999,84489,197435464
0.3998,82461,197517925
0.3997,81426,197599351
0.3996,81233,197680584
0.3995,81889,197762473
0.3994,81269,197843742
0.3993,83832,197927574
0.3992,81054,198008628
0.3991,81587,198090215
0.399,81449,198171664
0.3989,81162,198252826
0.3988,82476,198335302
0.3987,81811,198417113
0.3986,82296,198499409
0.3985,82285,198581694
0.3984,81316,198663010
0.3983,81389,198744399
0.3982,81088,198825487
0.3981,83403,198908890
0.398,81533,198990423
0.3979,82113,199072536
0.3978,82105,199154641
0.3977,82603,199237244
0.3976,81631,199318875
0.3975,82137,199401012
0.3974,81762,199482774
0.3973,82928,199565702
0.3972,80931,199646633
0.3971,81771,199728404
0.397,82069,199810473
0.3969,82250,199892723
0.3968,81630,199974353
0.3967,82359,200056712
0.3966,82930,200139642
0.3965,82363,200222005
0.3964,82586,200304591
0.3963,82842,200387433
0.3962,82701,200470134
0.3961,81970,200552104
0.396,82568,200634672
0.3959,82725,200717397
0.3958,82550,200799947
0.3957,82047,200881994
0.3956,82201,200964195
0.3955,82743,201046938
0.3954,82521,201129459
0.3953,81640,201211099
0.3952,82218,201293317
0.3951,82635,201375952
0.395,82629,201458581
0.3949,82529,201541110
0.3948,82652,201623762
0.3947,83515,201707277
0.3946,82470,201789747
0.3945,82132,201871879
0.3944,84700,201956579
0.3943,83892,202040471
0.3942,83538,202124009
0.3941,82199,202206208
0.394,83650,202289858
0.3939,83161,202373019
0.3938,1139428,203512447
0.3937,84130,203596577
0.3936,82279,203678856
0.3935,87608,203766464
0.3934,82161,203848625
0.3933,83756,203932381
0.3932,83070,204015451
0.3931,84812,204100263
0.393,83250,204183513
0.3929,83588,204267101
0.3928,83558,204350659
0.3927,83725,204434384
0.3926,83538,204517922
0.3925,83128,204601050
0.3924,82975,204684025
0.3923,83918,204767943
0.3922,83560,204851503
0.3921,83392,204934895
0.392,83842,205018737
0.3919,83811,205102548
0.3918,83453,205186001
0.3917,83660,205269661
0.3916,83303,205352964
0.3915,84074,205437038
0.3914,83471,205520509
0.3913,83823,205604332
0.3912,83283,205687615
0.3911,84189,205771804
0.391,84872,205856676
0.3909,84217,205940893
0.3908,83204,206024097
0.3907,84102,206108199
0.3906,84421,206192620
0.3905,83666,206276286
0.3904,83860,206360146
0.3903,83592,206443738
0.3902,83909,206527647
0.3901,83543,206611190
0.39,83712,206694902
0.3899,83041,206777943
0.3898,83111,206861054
0.3897,83917,206944971
0.3896,83785,207028756
0.3895,84207,207112963
0.3894,83958,207196921
0.3893,84989,207281910
0.3892,84994,207366904
0.3891,83761,207450665
0.389,84985,207535650
0.3889,84396,207620046
0.3888,84664,207704710
0.3887,84286,207788996
0.3886,84117,207873113
0.3885,84852,207957965
0.3884,83715,208041680
0.3883,84433,208126113
0.3882,84530,208210643
0.3881,84706,208295349
0.388,84032,208379381
0.3879,84475,208463856
0.3878,84152,208548008
0.3877,84038,208632046
0.3876,84914,208716960
0.3875,84184,208801144
0.3874,84434,208885578
0.3873,84206,208969784
0.3872,84099,209053883
0.3871,85035,209138918
0.387,85739,209224657
0.3869,84646,209309303
0.3868,84915,209394218
0.3867,85282,209479500
0.3866,85323,209564823
0.3865,84310,209649133
0.3864,85481,209734614
0.3863,84448,209819062
0.3862,84139,209903201
0.3861,84546,209987747
0.386,84434,210072181
0.3859,84974,210157155
0.3858,84228,210241383
0.3857,85101,210326484
0.3856,85061,210411545
0.3855,84866,210496411
0.3854,85108,210581519
0.3853,85149,210666668
0.3852,84934,210751602
0.3851,84564,210836166
0.385,84642,210920808
0.3849,85559,211006367
0.3848,84780,211091147
0.3847,85561,211176708
0.3846,84696,211261404
0.3845,85041,211346445
0.3844,84631,211431076
0.3843,85439,211516515
0.3842,86018,211602533
0.3841,85552,211688085
0.384,85420,211773505
0.3839,86228,211859733
0.3838,84850,211944583
0.3837,85924,212030507
0.3836,86613,212117120
0.3835,84407,212201527
0.3834,85611,212287138
0.3833,84899,212372037
0.3832,85510,212457547
0.3831,91765,212549312
0.383,86266,212635578
0.3829,86012,212721590
0.3828,85645,212807235
0.3827,86055,212893290
0.3826,85197,212978487
0.3825,86320,213064807
0.3824,85995,213150802
0.3823,85926,213236728
0.3822,85263,213321991
0.3821,85211,213407202
0.382,85798,213493000
0.3819,85597,213578597
0.3818,84621,213663218
0.3817,85864,213749082
0.3816,85547,213834629
0.3815,85460,213920089
0.3814,89814,214009903
0.3813,86400,214096303
0.3812,85825,214182128
0.3811,85611,214267739
0.381,86544,214354283
0.3809,86379,214440662
0.3808,85264,214525926
0.3807,86548,214612474
0.3806,87427,214699901
0.3805,85504,214785405
0.3804,87250,214872655
0.3803,85994,214958649
0.3802,86571,215045220
0.3801,86616,215131836
0.38,87296,215219132
0.3799,86603,215305735
0.3798,87311,215393046
0.3797,86243,215479289
0.3796,86312,215565601
0.3795,86053,215651654
0.3794,86328,215737982
0.3793,86097,215824079
0.3792,85242,215909321
0.3791,86917,215996238
0.379,86470,216082708
0.3789,91781,216174489
0.3788,86328,216260817
0.3787,87043,216347860
0.3786,86500,216434360
0.3785,86218,216520578
0.3784,85620,216606198
0.3783,86595,216692793
0.3782,87683,216780476
0.3781,87254,216867730
0.378,86837,216954567
0.3779,86025,217040592
0.3778,86355,217126947
0.3777,86323,217213270
0.3776,86482,217299752
0.3775,87213,217386965
0.3774,86482,217473447
0.3773,87169,217560616
0.3772,85987,217646603
0.3771,86212,217732815
0.377,87502,217820317
0.3769,86503,217906820
0.3768,87371,217994191
0.3767,86529,218080720
0.3766,87455,218168175
0.3765,87286,218255461
0.3764,87360,218342821
0.3763,87428,218430249
0.3762,87923,218518172
0.3761,87318,218605490
0.376,87376,218692866
0.3759,86730,218779596
0.3758,87262,218866858
0.3757,87644,218954502
0.3756,87509,219042011
0.3755,87723,219129734
0.3754,87215,219216949
0.3753,87607,219304556
0.3752,87347,219391903
0.3751,86763,219478666
0.375,87135,219565801
0.3749,86610,219652411
0.3748,87475,219739886
0.3747,87474,219827360
0.3746,87917,219915277
0.3745,87608,220002885
0.3744,87741,220090626
0.3743,87621,220178247
0.3742,86926,220265173
0.3741,88767,220353940
0.374,86863,220440803
0.3739,87716,220528519
0.3738,88361,220616880
0.3737,86833,220703713
0.3736,87648,220791361
0.3735,87688,220879049
0.3734,87559,220966608
0.3733,88371,221054979
0.3732,87656,221142635
0.3731,87596,221230231
0.373,87448,221317679
0.3729,87618,221405297
0.3728,87126,221492423
0.3727,87689,221580112
0.3726,87894,221668006
0.3725,88027,221756033
0.3724,88293,221844326
0.3723,88748,221933074
0.3722,87381,222020455
0.3721,88857,222109312
0.372,87554,222196866
0.3719,88159,222285025
0.3718,87990,222373015
0.3717,87310,222460325
0.3716,87412,222547737
0.3715,89218,222636955
0.3714,88638,222725593
0.3713,88341,222813934
0.3712,88383,222902317
0.3711,88119,222990436
0.371,91676,223082112
0.3709,88471,223170583
0.3708,89009,223259592
0.3707,88029,223347621
0.3706,88210,223435831
0.3705,88924,223524755
0.3704,88558,223613313
0.3703,88813,223702126
0.3702,88240,223790366
0.3701,89114,223879480
0.37,88233,223967713
0.3699,88438,224056151
0.3698,89470,224145621
0.3697,89558,224235179
0.3696,89611,224324790
0.3695,89164,224413954
0.3694,88888,224502842
0.3693,89033,224591875
0.3692,88511,224680386
0.3691,88931,224769317
0.369,88841,224858158
0.3689,89133,224947291
0.3688,88994,225036285
0.3687,88586,225124871
0.3686,89143,225214014
0.3685,89429,225303443
0.3684,89293,225392736
0.3683,89307,225482043
0.3682,89726,225571769
0.3681,88930,225660699
0.368,88874,225749573
0.3679,88855,225838428
0.3678,89414,225927842
0.3677,89391,226017233
0.3676,88859,226106092
0.3675,89577,226195669
0.3674,89260,226284929
0.3673,89408,226374337
0.3672,87562,226461899
0.3671,89038,226550937
0.367,89831,226640768
0.3669,88212,226728980
0.3668,89347,226818327
0.3667,89992,226908319
0.3666,90563,226998882
0.3665,89040,227087922
0.3664,89281,227177203
0.3663,89678,227266881
0.3662,89931,227356812
0.3661,89701,227446513
0.366,89845,227536358
0.3659,89029,227625387
0.3658,89493,227714880
0.3657,89905,227804785
0.3656,90485,227895270
0.3655,89494,227984764
0.3654,89062,228073826
0.3653,90398,228164224
0.3652,90650,228254874
0.3651,90373,228345247
0.365,90389,228435636
0.3649,90080,228525716
0.3648,90392,228616108
0.3647,90434,228706542
0.3646,90513,228797055
0.3645,89993,228887048
0.3644,91610,228978658
0.3643,90049,229068707
0.3642,89962,229158669
0.3641,89802,229248471
0.364,90721,229339192
0.3639,89467,229428659
0.3638,89973,229518632
0.3637,90385,229609017
0.3636,90666,229699683
0.3635,90309,229789992
0.3634,90727,229880719
0.3633,90382,229971101
0.3632,90043,230061144
0.3631,90446,230151590
0.363,91331,230242921
0.3629,90926,230333847
0.3628,91511,230425358
0.3627,91013,230516371
0.3626,89817,230606188
0.3625,91117,230697305
0.3624,90229,230787534
0.3623,91442,230878976
0.3622,90704,230969680
0.3621,91213,231060893
0.362,91743,231152636
0.3619,90718,231243354
0.3618,91144,231334498
0.3617,91978,231426476
0.3616,92806,231519282
0.3615,91226,231610508
0.3614,91178,231701686
0.3613,89816,231791502
0.3612,92004,231883506
0.3611,91092,231974598
0.361,90381,232064979
0.3609,91781,232156760
0.3608,91430,232248190
0.3607,92514,232340704
0.3606,91750,232432454
0.3605,91234,232523688
0.3604,91644,232615332
0.3603,91734,232707066
0.3602,91403,232798469
0.3601,91509,232889978
0.36,92507,232982485
0.3599,92743,233075228
0.3598,91947,233167175
0.3597,91829,233259004
0.3596,91846,233350850
0.3595,91705,233442555
0.3594,92396,233534951
0.3593,93553,233628504
0.3592,91353,233719857
0.3591,91829,233811686
0.359,91114,233902800
0.3589,91553,233994353
0.3588,92079,234086432
0.3587,92554,234178986
0.3586,91898,234270884
0.3585,92160,234363044
0.3584,92123,234455167
0.3583,92052,234547219
0.3582,91886,234639105
0.3581,93272,234732377
0.358,92499,234824876
0.3579,92701,234917577
0.3578,92529,235010106
0.3577,92057,235102163
0.3576,92041,235194204
0.3575,92417,235286621
0.3574,93417,235380038
0.3573,93341,235473379
0.3572,92923,235566302
0.3571,92660,235658962
0.357,92329,235751291
0.3569,93013,235844304
0.3568,93168,235937472
0.3567,93091,236030563
0.3566,92652,236123215
0.3565,92842,236216057
0.3564,91646,236307703
0.3563,93370,236401073
0.3562,93789,236494862
0.3561,92847,236587709
0.356,93081,236680790
0.3559,93448,236774238
0.3558,96360,236870598
0.3557,93425,236964023
0.3556,92985,237057008
0.3555,93582,237150590
0.3554,93025,237243615
0.3553,94302,237337917
0.3552,93571,237431488
0.3551,94391,237525879
0.355,92665,237618544
0.3549,92362,237710906
0.3548,93605,237804511
0.3547,92017,237896528
0.3546,93260,237989788
0.3545,93569,238083357
0.3544,93974,238177331
0.3543,94211,238271542
0.3542,93175,238364717
0.3541,94754,238459471
0.354,93713,238553184
0.3539,92999,238646183
0.3538,93292,238739475
0.3537,94746,238834221
0.3536,93598,238927819
0.3535,94014,239021833
0.3534,94314,239116147
0.3533,94438,239210585
0.3532,93721,239304306
0.3531,93499,239397805
0.353,94370,239492175
0.3529,93701,239585876
0.3528,97049,239682925
0.3527,94616,239777541
0.3526,92946,239870487
0.3525,93862,239964349
0.3524,94033,240058382
0.3523,93995,240152377
0.3522,93996,240246373
0.3521,94366,240340739
0.352,94381,240435120
0.3519,93217,240528337
0.3518,94068,240622405
0.3517,92920,240715325
0.3516,94183,240809508
0.3515,94388,240903896
0.3514,94666,240998562
0.3513,94202,241092764
0.3512,94271,241187035
0.3511,94240,241281275
0.351,95235,241376510
0.3509,94331,241470841
0.3508,93602,241564443
0.3507,94743,241659186
0.3506,94341,241753527
0.3505,95967,241849494
0.3504,95670,241945164
0.3503,94773,242039937
0.3502,94674,242134611
0.3501,95077,242229688
0.35,96537,242326225
0.3499,95038,242421263
0.3498,94786,242516049
0.3497,95338,242611387
0.3496,94878,242706265
0.3495,94546,242800811
0.3494,94636,242895447
0.3493,95284,242990731
0.3492,97316,243088047
0.3491,95266,243183313
0.349,95895,243279208
0.3489,95084,243374292
0.3488,95068,243469360
0.3487,95132,243564492
0.3486,95402,243659894
0.3485,95330,243755224
0.3484,95403,243850627
0.3483,94302,243944929
0.3482,95488,244040417
0.3481,96894,244137311
0.348,94528,244231839
0.3479,94957,244326796
0.3478,95411,244422207
0.3477,96211,244518418
0.3476,95120,244613538
0.3475,96047,244709585
0.3474,95390,244804975
0.3473,96245,244901220
0.3472,95757,244996977
0.3471,95254,245092231
0.347,96746,245188977
0.3469,96174,245285151
0.3468,95864,245381015
0.3467,96839,245477854
0.3466,95337,245573191
0.3465,95947,245669138
0.3464,97084,245766222
0.3463,95311,245861533
0.3462,95322,245956855
0.3461,97300,246054155
0.346,96076,246150231
0.3459,96153,246246384
0.3458,96083,246342467
0.3457,96263,246438730
0.3456,96762,246535492
0.3455,96267,246631759
0.3454,96442,246728201
0.3453,96471,246824672
0.3452,96969,246921641
0.3451,96117,247017758
0.345,96439,247114197
0.3449,96684,247210881
0.3448,95805,247306686
0.3447,94941,247401627
0.3446,97562,247499189
0.3445,96947,247596136
0.3444,96851,247692987
0.3443,97277,247790264
0.3442,96876,247887140
0.3441,96152,247983292
0.344,97147,248080439
0.3439,97300,248177739
0.3438,97625,248275364
0.3437,97541,248372905
0.3436,98215,248471120
0.3435,96753,248567873
0.3434,97115,248664988
0.3433,98573,248763561
0.3432,96896,248860457
0.3431,97387,248957844
0.343,97119,249054963
0.3429,97802,249152765
0.3428,98261,249251026
0.3427,97094,249348120
0.3426,97511,249445631
0.3425,97180,249542811
0.3424,98183,249640994
0.3423,96531,249737525
0.3422,97265,249834790
0.3421,96982,249931772
0.342,98706,250030478
0.3419,97831,250128309
0.3418,98985,250227294
0.3417,98051,250325345
0.3416,97745,250423090
0.3415,98033,250521123
0.3414,98441,250619564
0.3413,98475,250718039
0.3412,97959,250815998
0.3411,97779,250913777
0.341,98621,251012398
0.3409,99400,251111798
0.3408,99060,251210858
0.3407,97900,251308758
0.3406,98276,251407034
0.3405,97677,251504711
0.3404,98306,251603017
0.3403,98676,251701693
0.3402,98061,251799754
0.3401,98980,251898734
0.34,98950,251997684
0.3399,97882,252095566
0.3398,98724,252194290
0.3397,98198,252292488
0.3396,98806,252391294
0.3395,98936,252490230
0.3394,99742,252589972
0.3393,98876,252688848
0.3392,98484,252787332
0.3391,98734,252886066
0.339,98589,252984655
0.3389,99217,253083872
0.3388,98712,253182584
0.3387,100123,253282707
0.3386,99202,253381909
0.3385,99590,253481499
0.3384,98959,253580458
0.3383,98436,253678894
0.3382,98206,253777100
0.3381,98719,253875819
0.338,99571,253975390
0.3379,100345,254075735
0.3378,99171,254174906
0.3377,98927,254273833
0.3376,99864,254373697
0.3375,99190,254472887
0.3374,99494,254572381
0.3373,99503,254671884
0.3372,99513,254771397
0.3371,100621,254872018
0.337,98978,254970996
0.3369,103107,255074103
0.3368,99582,255173685
0.3367,100081,255273766
0.3366,100630,255374396
0.3365,99708,255474104
0.3364,99946,255574050
0.3363,99632,255673682
0.3362,100454,255774136
0.3361,100040,255874176
0.336,100433,255974609
0.3359,100108,256074717
0.3358,100531,256175248
0.3357,100372,256275620
0.3356,99326,256374946
0.3355,99803,256474749
0.3354,100276,256575025
0.3353,100185,256675210
0.3352,100811,256776021
0.3351,102139,256878160
0.335,101495,256979655
0.3349,100673,257080328
0.3348,100416,257180744
0.3347,100309,257281053
0.3346,100691,257381744
0.3345,100714,257482458
0.3344,100217,257582675
0.3343,100674,257683349
0.3342,100040,257783389
0.3341,100992,257884381
0.334,101599,257985980
0.3339,101241,258087221
0.3338,100856,258188077
0.3337,100746,258288823
0.3336,101219,258390042
0.3335,100937,258490979
0.3334,101108,258592087
0.3333,102001,258694088
0.3332,101991,258796079
0.3331,101609,258897688
0.333,101819,258999507
0.3329,100527,259100034
0.3328,100849,259200883
0.3327,100249,259301132
0.3326,101139,259402271
0.3325,100962,259503233
0.3324,101303,259604536
0.3323,101482,259706018
0.3322,101682,259807700
0.3321,102340,259910040
0.332,107554,260017594
0.3319,101220,260118814
0.3318,101475,260220289
0.3317,102462,260322751
0.3316,100629,260423380
0.3315,101751,260525131
0.3314,101231,260626362
0.3313,101725,260728087
0.3312,101932,260830019
0.3311,102070,260932089
0.331,102760,261034849
0.3309,101444,261136293
0.3308,101902,261238195
0.3307,101502,261339697
0.3306,101991,261441688
0.3305,102642,261544330
0.3304,103247,261647577
0.3303,102274,261749851
0.3302,105529,261855380
0.3301,102131,261957511
0.33,102799,262060310
0.3299,101699,262162009
0.3298,101576,262263585
0.3297,102331,262365916
0.3296,102333,262468249
0.3295,102371,262570620
0.3294,102563,262673183
0.3293,102425,262775608
0.3292,102272,262877880
0.3291,102856,262980736
0.329,102661,263083397
0.3289,102656,263186053
0.3288,103175,263289228
0.3287,103606,263392834
0.3286,105234,263498068
0.3285,102410,263600478
0.3284,101825,263702303
0.3283,103616,263805919
0.3282,103259,263909178
0.3281,102412,264011590
0.328,103180,264114770
0.3279,103258,264218028
0.3278,103186,264321214
0.3277,102784,264423998
0.3276,103214,264527212
0.3275,103692,264630904
0.3274,104036,264734940
0.3273,103386,264838326
0.3272,103749,264942075
0.3271,104110,265046185
0.327,103103,265149288
0.3269,103541,265252829
0.3268,103963,265356792
0.3267,103332,265460124
0.3266,102849,265562973
0.3265,105270,265668243
0.3264,103957,265772200
0.3263,103373,265875573
0.3262,103306,265978879
0.3261,104217,266083096
0.326,103887,266186983
0.3259,103935,266290918
0.3258,103921,266394839
0.3257,104071,266498910
0.3256,103759,266602669
0.3255,104950,266707619
0.3254,104347,266811966
0.3253,103742,266915708
0.3252,107432,267023140
0.3251,104894,267128034
0.325,105142,267233176
0.3249,105130,267338306
0.3248,104855,267443161
0.3247,103859,267547020
0.3246,104558,267651578
0.3245,105290,267756868
0.3244,107612,267864480
0.3243,104097,267968577
0.3242,103842,268072419
0.3241,104188,268176607
0.324,105128,268281735
0.3239,104625,268386360
0.3238,104533,268490893
0.3237,103813,268594706
0.3236,105140,268699846
0.3235,103807,268803653
0.3234,104474,268908127
0.3233,105703,269013830
0.3232,104406,269118236
0.3231,104776,269223012
0.323,105370,269328382
0.3229,104141,269432523
0.3228,105477,269538000
0.3227,129478,269667478
0.3226,103778,269771256
0.3225,104991,269876247
0.3224,104545,269980792
0.3223,104752,270085544
0.3222,104339,270189883
0.3221,104630,270294513
0.322,105957,270400470
0.3219,104896,270505366
0.3218,106247,270611613
0.3217,105105,270716718
0.3216,105550,270822268
0.3215,105580,270927848
0.3214,104530,271032378
0.3213,107165,271139543
0.3212,108743,271248286
0.3211,105916,271354202
0.321,106064,271460266
0.3209,105518,271565784
0.3208,105250,271671034
0.3207,105611,271776645
0.3206,105310,271881955
0.3205,105299,271987254
0.3204,104957,272092211
0.3203,104996,272197207
0.3202,106007,272303214
0.3201,105494,272408708
0.32,105964,272514672
0.3199,104870,272619542
0.3198,105654,272725196
0.3197,105298,272830494
0.3196,107009,272937503
0.3195,104890,273042393
0.3194,105702,273148095
0.3193,105289,273253384
0.3192,106480,273359864
0.3191,106478,273466342
0.319,106802,273573144
0.3189,106291,273679435
0.3188,108396,273787831
0.3187,106305,273894136
0.3186,105947,274000083
0.3185,106554,274106637
0.3184,106517,274213154
0.3183,105461,274318615
0.3182,106875,274425490
0.3181,107704,274533194
0.318,107104,274640298
0.3179,106493,274746791
0.3178,106864,274853655
0.3177,107203,274960858
0.3176,108621,275069479
0.3175,107768,275177247
0.3174,107946,275285193
0.3173,107946,275393139
0.3172,107346,275500485
0.3171,107379,275607864
0.317,107632,275715496
0.3169,107369,275822865
0.3168,107306,275930171
0.3167,107077,276037248
0.3166,104992,276142240
0.3165,108247,276250487
0.3164,108624,276359111
0.3163,107699,276466810
0.3162,106603,276573413
0.3161,108159,276681572
0.316,107135,276788707
0.3159,107093,276895800
0.3158,107552,277003352
0.3157,107371,277110723
0.3156,107692,277218415
0.3155,107408,277325823
0.3154,107351,277433174
0.3153,107142,277540316
0.3152,108232,277648548
0.3151,107754,277756302
0.315,107365,277863667
0.3149,107598,277971265
0.3148,107941,278079206
0.3147,108833,278188039
0.3146,108362,278296401
0.3145,108825,278405226
0.3144,109145,278514371
0.3143,107623,278621994
0.3142,108776,278730770
0.3141,107572,278838342
0.314,109480,278947822
0.3139,108746,279056568
0.3138,109436,279166004
0.3137,108336,279274340
0.3136,108251,279382591
0.3135,110326,279492917
0.3134,114428,279607345
0.3133,107957,279715302
0.3132,109044,279824346
0.3131,108878,279933224
0.313,120516,280053740
0.3129,108079,280161819
0.3128,108377,280270196
0.3127,109895,280380091
0.3126,109499,280489590
0.3125,108165,280597755
0.3124,109347,280707102
0.3123,111266,280818368
0.3122,109222,280927590
0.3121,108975,281036565
0.312,109888,281146453
0.3119,109040,281255493
0.3118,109623,281365116
0.3117,109297,281474413
0.3116,112681,281587094
0.3115,109019,281696113
0.3114,110589,281806702
0.3113,109809,281916511
0.3112,109998,282026509
0.3111,109790,282136299
0.311,109448,282245747
0.3109,109513,282355260
0.3108,108575,282463835
0.3107,109683,282573518
0.3106,110304,282683822
0.3105,109695,282793517
0.3104,111592,282905109
0.3103,109834,283014943
0.3102,110288,283125231
0.3101,116962,283242193
0.31,112495,283354688
0.3099,109525,283464213
0.3098,109645,283573858
0.3097,109318,283683176
0.3096,114588,283797764
0.3095,110578,283908342
0.3094,114871,284023213
0.3093,109836,284133049
0.3092,109865,284242914
0.3091,108367,284351281
0.309,126933,284478214
0.3089,111458,284589672
0.3088,110042,284699714
0.3087,110930,284810644
0.3086,110208,284920852
0.3085,109863,285030715
0.3084,111402,285142117
0.3083,115040,285257157
0.3082,110187,285367344
0.3081,109224,285476568
0.308,111218,285587786
0.3079,112789,285700575
0.3078,110735,285811310
0.3077,109492,285920802
0.3076,110778,286031580
0.3075,111406,286142986
0.3074,116390,286259376
0.3073,113230,286372606
0.3072,113100,286485706
0.3071,111643,286597349
0.307,112099,286709448
0.3069,113427,286822875
0.3068,113061,286935936
0.3067,112015,287047951
0.3066,113584,287161535
0.3065,111534,287273069
0.3064,112201,287385270
0.3063,115046,287500316
0.3062,118185,287618501
0.3061,111451,287729952
0.306,111461,287841413
0.3059,111211,287952624
0.3058,112262,288064886
0.3057,111902,288176788
0.3056,139165,288315953
0.3055,111507,288427460
0.3054,112406,288539866
0.3053,119597,288659463
0.3052,219581,288879044
0.3051,114213,288993257
0.305,111896,289105153
0.3049,112013,289217166
0.3048,113249,289330415
0.3047,112096,289442511
0.3046,112020,289554531
0.3045,111997,289666528
0.3044,112155,289778683
0.3043,112212,289890895
0.3042,112558,290003453
0.3041,111045,290114498
0.304,112125,290226623
0.3039,111906,290338529
0.3038,112167,290450696
0.3037,112970,290563666
0.3036,112781,290676447
0.3035,112359,290788806
0.3034,111798,290900604
0.3033,112457,291013061
0.3032,112366,291125427
0.3031,168141,291293568
0.303,116214,291409782
0.3029,162358,291572140
0.3028,111681,291683821
0.3027,112507,291796328
0.3026,116027,291912355
0.3025,114553,292026908
0.3024,112561,292139469
0.3023,111977,292251446
0.3022,112316,292363762
0.3021,112362,292476124
0.302,111643,292587767
0.3019,113940,292701707
0.3018,112762,292814469
0.3017,113011,292927480
0.3016,113693,293041173
0.3015,118295,293159468
0.3014,112894,293272362
0.3013,111216,293383578
0.3012,113536,293497114
0.3011,113125,293610239
0.301,112503,293722742
0.3009,113928,293836670
0.3008,112366,293949036
0.3007,113211,294062247
0.3006,112337,294174584
0.3005,112975,294287559
0.3004,112329,294399888
0.3003,113156,294513044
0.3002,112784,294625828
0.3001,112978,294738806
0.3,111955,294850761
0.2999,112594,294963355
0.2998,112403,295075758
0.2997,112985,295188743
0.2996,113305,295302048
0.2995,112777,295414825
0.2994,116422,295531247
0.2993,113051,295644298
0.2992,112549,295756847
0.2991,112795,295869642
0.299,113347,295982989
0.2989,112835,296095824
0.2988,113403,296209227
0.2987,112453,296321680
0.2986,113984,296435664
0.2985,112479,296548143
0.2984,113815,296661958
0.2983,113191,296775149
0.2982,114147,296889296
0.2981,116167,297005463
0.298,112930,297118393
0.2979,115064,297233457
0.2978,113748,297347205
0.2977,113116,297460321
0.2976,112727,297573048
0.2975,112576,297685624
0.2974,113024,297798648
0.2973,116185,297914833
0.2972,112621,298027454
0.2971,112838,298140292
0.297,113077,298253369
0.2969,113828,298367197
0.2968,113023,298480220
0.2967,112879,298593099
0.2966,113027,298706126
0.2965,113770,298819896
0.2964,115686,298935582
0.2963,116695,299052277
0.2962,113163,299165440
0.2961,113668,299279108
0.296,114495,299393603
0.2959,118863,299512466
0.2958,113918,299626384
0.2957,114419,299740803
0.2956,114584,299855387
0.2955,113032,299968419
0.2954,112480,300080899
0.2953,113714,300194613
0.2952,112606,300307219
0.2951,114373,300421592
0.295,112689,300534281
0.2949,114924,300649205
0.2948,113379,300762584
0.2947,113722,300876306
0.2946,113609,300989915
0.2945,114573,301104488
0.2944,114088,301218576
0.2943,143657,301362233
0.2942,113607,301475840
0.2941,114051,301589891
0.294,114314,301704205
0.2939,113866,301818071
0.2938,115079,301933150
0.2937,113645,302046795
0.2936,114335,302161130
0.2935,113739,302274869
0.2934,114002,302388871
0.2933,113772,302502643
0.2932,114466,302617109
0.2931,114118,302731227
0.293,114875,302846102
0.2929,114997,302961099
0.2928,113251,303074350
0.2927,114593,303188943
0.2926,114544,303303487
0.2925,114485,303417972
0.2924,113556,303531528
0.2923,114567,303646095
0.2922,115135,303761230
0.2921,114113,303875343
0.292,114705,303990048
0.2919,118326,304108374
0.2918,114470,304222844
0.2917,116113,304338957
0.2916,114318,304453275
0.2915,113807,304567082
0.2914,115155,304682237
0.2913,115022,304797259
0.2912,114263,304911522
0.2911,114390,305025912
0.291,114634,305140546
0.2909,116030,305256576
0.2908,114884,305371460
0.2907,115523,305486983
0.2906,114239,305601222
0.2905,116461,305717683
0.2904,115403,305833086
0.2903,114760,305947846
0.2902,115961,306063807
0.2901,115588,306179395
0.29,114828,306294223
0.2899,114897,306409120
0.2898,114607,306523727
0.2897,115013,306638740
0.2896,115001,306753741
0.2895,114762,306868503
0.2894,116692,306985195
0.2893,115842,307101037
0.2892,114783,307215820
0.2891,115923,307331743
0.289,115349,307447092
0.2889,115681,307562773
0.2888,115309,307678082
0.2887,113943,307792025
0.2886,115070,307907095
0.2885,115165,308022260
0.2884,113821,308136081
0.2883,117753,308253834
0.2882,115369,308369203
0.2881,116319,308485522
0.288,115670,308601192
0.2879,115837,308717029
0.2878,115108,308832137
0.2877,114707,308946844
0.2876,118303,309065147
0.2875,117955,309183102
0.2874,115144,309298246
0.2873,121098,309419344
0.2872,123028,309542372
0.2871,116912,309659284
0.287,114786,309774070
0.2869,115912,309889982
0.2868,115301,310005283
0.2867,115512,310120795
0.2866,115513,310236308
0.2865,116744,310353052
0.2864,115371,310468423
0.2863,116484,310584907
0.2862,115617,310700524
0.2861,116057,310816581
0.286,114844,310931425
0.2859,116120,311047545
0.2858,116006,311163551
0.2857,115468,311279019
0.2856,116738,311395757
0.2855,116390,311512147
0.2854,116370,311628517
0.2853,115739,311744256
0.2852,115464,311859720
0.2851,115895,311975615
0.285,115619,312091234
0.2849,120108,312211342
0.2848,115089,312326431
0.2847,117513,312443944
0.2846,117265,312561209
0.2845,128238,312689447
0.2844,115851,312805298
0.2843,115921,312921219
0.2842,116611,313037830
0.2841,118049,313155879
0.284,116643,313272522
0.2839,116393,313388915
0.2838,116779,313505694
0.2837,116633,313622327
0.2836,117831,313740158
0.2835,116256,313856414
0.2834,115963,313972377
0.2833,117017,314089394
0.2832,116901,314206295
0.2831,116727,314323022
0.283,117194,314440216
0.2829,116784,314557000
0.2828,116462,314673462
0.2827,116592,314790054
0.2826,116973,314907027
0.2825,117015,315024042
0.2824,117946,315141988
0.2823,115889,315257877
0.2822,117339,315375216
0.2821,117243,315492459
0.282,118098,315610557
0.2819,117055,315727612
0.2818,117256,315844868
0.2817,116577,315961445
0.2816,120683,316082128
0.2815,117704,316199832
0.2814,117008,316316840
0.2813,117269,316434109
0.2812,117181,316551290
0.2811,117018,316668308
0.281,117467,316785775
0.2809,118157,316903932
0.2808,116976,317020908
0.2807,118048,317138956
0.2806,117755,317256711
0.2805,117884,317374595
0.2804,117498,317492093
0.2803,118227,317610320
0.2802,118343,317728663
0.2801,117261,317845924
0.28,120657,317966581
0.2799,117186,318083767
0.2798,116893,318200660
0.2797,117313,318317973
0.2796,118113,318436086
0.2795,118475,318554561
0.2794,118122,318672683
0.2793,117573,318790256
0.2792,117634,318907890
0.2791,118462,319026352
0.279,118927,319145279
0.2789,118509,319263788
0.2788,117556,319381344
0.2787,118276,319499620
0.2786,118305,319617925
0.2785,117345,319735270
0.2784,118798,319854068
0.2783,118306,319972374
0.2782,118332,320090706
0.2781,117854,320208560
0.278,122409,320330969
0.2779,118340,320449309
0.2778,119155,320568464
0.2777,118962,320687426
0.2776,118326,320805752
0.2775,118283,320924035
0.2774,118456,321042491
0.2773,118746,321161237
0.2772,118556,321279793
0.2771,119413,321399206
0.277,118875,321518081
0.2769,119512,321637593
0.2768,117641,321755234
0.2767,118184,321873418
0.2766,118725,321992143
0.2765,120536,322112679
0.2764,118047,322230726
0.2763,118459,322349185
0.2762,118794,322467979
0.2761,118947,322586926
0.276,119081,322706007
0.2759,118792,322824799
0.2758,118852,322943651
0.2757,118910,323062561
0.2756,121126,323183687
0.2755,119075,323302762
0.2754,118815,323421577
0.2753,119827,323541404
0.2752,122708,323664112
0.2751,118872,323782984
0.275,122008,323904992
0.2749,118927,324023919
0.2748,119812,324143731
0.2747,118957,324262688
0.2746,118434,324381122
0.2745,118648,324499770
0.2744,118653,324618423
0.2743,119214,324737637
0.2742,119874,324857511
0.2741,119492,324977003
0.274,123206,325100209
0.2739,119480,325219689
0.2738,118488,325338177
0.2737,121115,325459292
0.2736,119377,325578669
0.2735,119790,325698459
0.2734,119872,325818331
0.2733,119735,325938066
0.2732,119416,326057482
0.2731,119010,326176492
0.273,119757,326296249
0.2729,119020,326415269
0.2728,119444,326534713
0.2727,122786,326657499
0.2726,119444,326776943
0.2725,121001,326897944
0.2724,119897,327017841
0.2723,120895,327138736
0.2722,119885,327258621
0.2721,119838,327378459
0.272,118788,327497247
0.2719,119994,327617241
0.2718,119409,327736650
0.2717,118320,327854970
0.2716,119778,327974748
0.2715,119066,328093814
0.2714,119860,328213674
0.2713,121521,328335195
0.2712,121074,328456269
0.2711,120175,328576444
0.271,119672,328696116
0.2709,119964,328816080
0.2708,120580,328936660
0.2707,119674,329056334
0.2706,120219,329176553
0.2705,119892,329296445
0.2704,120728,329417173
0.2703,121120,329538293
0.2702,120067,329658360
0.2701,120588,329778948
0.27,121511,329900459
0.2699,120439,330020898
0.2698,122307,330143205
0.2697,120420,330263625
0.2696,121669,330385294
0.2695,121031,330506325
0.2694,121530,330627855
0.2693,120868,330748723
0.2692,121732,330870455
0.2691,121206,330991661
0.269,120799,331112460
0.2689,120096,331232556
0.2688,121220,331353776
0.2687,119967,331473743
0.2686,120601,331594344
0.2685,121386,331715730
0.2684,119820,331835550
0.2683,121460,331957010
0.2682,121779,332078789
0.2681,120664,332199453
0.268,121516,332320969
0.2679,121360,332442329
0.2678,123895,332566224
0.2677,123187,332689411
0.2676,123960,332813371
0.2675,121994,332935365
0.2674,123411,333058776
0.2673,124556,333183332
0.2672,122861,333306193
0.2671,121185,333427378
0.267,121355,333548733
0.2669,120501,333669234
0.2668,121931,333791165
0.2667,121793,333912958
0.2666,122573,334035531
0.2665,121464,334156995
0.2664,121300,334278295
0.2663,121056,334399351
0.2662,121446,334520797
0.2661,121682,334642479
0.266,122192,334764671
0.2659,120614,334885285
0.2658,122371,335007656
0.2657,122290,335129946
0.2656,122235,335252181
0.2655,122644,335374825
0.2654,123233,335498058
0.2653,122616,335620674
0.2652,124194,335744868
0.2651,122096,335866964
0.265,124255,335991219
0.2649,122795,336114014
0.2648,122219,336236233
0.2647,123001,336359234
0.2646,123717,336482951
0.2645,122702,336605653
0.2644,122892,336728545
0.2643,123423,336851968
0.2642,122040,336974008
0.2641,121989,337095997
0.264,121493,337217490
0.2639,122853,337340343
0.2638,122456,337462799
0.2637,123273,337586072
0.2636,122846,337708918
0.2635,123066,337831984
0.2634,121931,337953915
0.2633,122734,338076649
0.2632,122443,338199092
0.2631,122774,338321866
0.263,123437,338445303
0.2629,122947,338568250
0.2628,125562,338693812
0.2627,123930,338817742
0.2626,124529,338942271
0.2625,123820,339066091
0.2624,123627,339189718
0.2623,122497,339312215
0.2622,123801,339436016
0.2621,123423,339559439
0.262,123877,339683316
0.2619,123846,339807162
0.2618,123032,339930194
0.2617,122746,340052940
0.2616,124897,340177837
0.2615,123176,340301013
0.2614,123571,340424584
0.2613,123639,340548223
0.2612,123745,340671968
0.2611,124875,340796843
0.261,126071,340922914
0.2609,124319,341047233
0.2608,124513,341171746
0.2607,123107,341294853
0.2606,123436,341418289
0.2605,124102,341542391
0.2604,124261,341666652
0.2603,123453,341790105
0.2602,123880,341913985
0.2601,127203,342041188
0.26,123948,342165136
0.2599,123898,342289034
0.2598,125969,342415003
0.2597,124318,342539321
0.2596,124503,342663824
0.2595,123700,342787524
0.2594,125303,342912827
0.2593,125136,343037963
0.2592,125494,343163457
0.2591,123819,343287276
0.259,125326,343412602
0.2589,124711,343537313
0.2588,123946,343661259
0.2587,124251,343785510
0.2586,124482,343909992
0.2585,124025,344034017
0.2584,124934,344158951
0.2583,126225,344285176
0.2582,125381,344410557
0.2581,125110,344535667
0.258,126725,344662392
0.2579,123456,344785848
0.2578,124985,344910833
0.2577,126472,345037305
0.2576,124736,345162041
0.2575,124385,345286426
0.2574,124962,345411388
0.2573,125239,345536627
0.2572,124675,345661302
0.2571,126588,345787890
0.257,125483,345913373
0.2569,124538,346037911
0.2568,125042,346162953
0.2567,126296,346289249
0.2566,125171,346414420
0.2565,125936,346540356
0.2564,124514,346664870
0.2563,125462,346790332
0.2562,125528,346915860
0.2561,125427,347041287
0.256,125685,347166972
0.2559,125754,347292726
0.2558,127284,347420010
0.2557,125897,347545907
0.2556,125336,347671243
0.2555,128399,347799642
0.2554,126663,347926305
0.2553,125151,348051456
0.2552,126584,348178040
0.2551,126994,348305034
0.255,127816,348432850
0.2549,126443,348559293
0.2548,126842,348686135
0.2547,127011,348813146
0.2546,125972,348939118
0.2545,124876,349063994
0.2544,126104,349190098
0.2543,127071,349317169
0.2542,125806,349442975
0.2541,126406,349569381
0.254,126049,349695430
0.2539,127076,349822506
0.2538,128648,349951154
0.2537,126008,350077162
0.2536,127726,350204888
0.2535,129475,350334363
0.2534,126804,350461167
0.2533,126299,350587466
0.2532,126524,350713990
0.2531,127261,350841251
0.253,127581,350968832
0.2529,127425,351096257
0.2528,127104,351223361
0.2527,129045,351352406
0.2526,126584,351478990
0.2525,127548,351606538
0.2524,125609,351732147
0.2523,130525,351862672
0.2522,127446,351990118
0.2521,127043,352117161
0.252,129344,352246505
0.2519,127053,352373558
0.2518,128027,352501585
0.2517,126939,352628524
0.2516,126847,352755371
0.2515,127994,352883365
0.2514,126367,353009732
0.2513,127379,353137111
0.2512,128507,353265618
0.2511,125746,353391364
0.251,129440,353520804
0.2509,127280,353648084
0.2508,127783,353775867
0.2507,126830,353902697
0.2506,128791,354031488
0.2505,128703,354160191
0.2504,129228,354289419
0.2503,127849,354417268
0.2502,127675,354544943
0.2501,126999,354671942
0.25,128025,354799967
0.2499,129684,354929651
0.2498,127721,355057372
0.2497,127722,355185094
0.2496,127423,355312517
0.2495,128611,355441128
0.2494,128066,355569194
0.2493,127587,355696781
0.2492,129515,355826296
0.2491,127178,355953474
0.249,127765,356081239
0.2489,128270,356209509
0.2488,127292,356336801
0.2487,128693,356465494
0.2486,128737,356594231
0.2485,129499,356723730
0.2484,128512,356852242
0.2483,129457,356981699
0.2482,128007,357109706
0.2481,128650,357238356
0.248,128412,357366768
0.2479,128863,357495631
0.2478,129494,357625125
0.2477,128038,357753163
0.2476,129104,357882267
0.2475,130365,358012632
0.2474,130118,358142750
0.2473,129602,358272352
0.2472,129022,358401374
0.2471,130032,358531406
0.247,129560,358660966
0.2469,129319,358790285
0.2468,129209,358919494
0.2467,130504,359049998
0.2466,129258,359179256
0.2465,129437,359308693
0.2464,129977,359438670
0.2463,128061,359566731
0.2462,130031,359696762
0.2461,129148,359825910
0.246,129591,359955501
0.2459,128806,360084307
0.2458,127910,360212217
0.2457,128511,360340728
0.2456,128483,360469211
0.2455,131265,360600476
0.2454,129689,360730165
0.2453,130346,360860511
0.2452,131535,360992046
0.2451,129477,361121523
0.245,129554,361251077
0.2449,128505,361379582
0.2448,129613,361509195
0.2447,129842,361639037
0.2446,129443,361768480
0.2445,130018,361898498
0.2444,129743,362028241
0.2443,130062,362158303
0.2442,130522,362288825
0.2441,130475,362419300
0.244,129553,362548853
0.2439,129976,362678829
0.2438,130645,362809474
0.2437,129113,362938587
0.2436,131832,363070419
0.2435,130518,363200937
0.2434,130594,363331531
0.2433,131349,363462880
0.2432,129789,363592669
0.2431,131652,363724321
0.243,130941,363855262
0.2429,131430,363986692
0.2428,132762,364119454
0.2427,131116,364250570
0.2426,130457,364381027
0.2425,130659,364511686
0.2424,131403,364643089
0.2423,130581,364773670
0.2422,130920,364904590
0.2421,132024,365036614
0.242,130529,365167143
0.2419,130463,365297606
0.2418,131815,365429421
0.2417,130749,365560170
0.2416,129985,365690155
0.2415,131273,365821428
0.2414,131956,365953384
0.2413,131244,366084628
0.2412,131478,366216106
0.2411,131602,366347708
0.241,131169,366478877
0.2409,131329,366610206
0.2408,131479,366741685
0.2407,132512,366874197
0.2406,131956,367006153
0.2405,132034,367138187
0.2404,132394,367270581
0.2403,130889,367401470
0.2402,131890,367533360
0.2401,131109,367664469
0.24,132788,367797257
0.2399,131748,367929005
0.2398,132421,368061426
0.2397,132422,368193848
0.2396,132709,368326557
0.2395,132389,368458946
0.2394,132257,368591203
0.2393,133164,368724367
0.2392,132231,368856598
0.2391,132218,368988816
0.239,132093,369120909
0.2389,133825,369254734
0.2388,132735,369387469
0.2387,132704,369520173
0.2386,132247,369652420
0.2385,132569,369784989
0.2384,132546,369917535
0.2383,133245,370050780
0.2382,132028,370182808
0.2381,132901,370315709
0.238,131677,370447386
0.2379,133365,370580751
0.2378,133636,370714387
0.2377,133802,370848189
0.2376,132899,370981088
0.2375,133525,371114613
0.2374,132293,371246906
0.2373,132655,371379561
0.2372,132797,371512358
0.2371,132206,371644564
0.237,134089,371778653
0.2369,133336,371911989
0.2368,132910,372044899
0.2367,133337,372178236
0.2366,134350,372312586
0.2365,133168,372445754
0.2364,133254,372579008
0.2363,133563,372712571
0.2362,134013,372846584
0.2361,133837,372980421
0.236,133673,373114094
0.2359,133741,373247835
0.2358,134347,373382182
0.2357,134702,373516884
0.2356,132737,373649621
0.2355,133679,373783300
0.2354,134202,373917502
0.2353,133377,374050879
0.2352,133807,374184686
0.2351,135003,374319689
0.235,133305,374452994
0.2349,133508,374586502
0.2348,133256,374719758
0.2347,133265,374853023
0.2346,134995,374988018
0.2345,135078,375123096
0.2344,134744,375257840
0.2343,134086,375391926
0.2342,133503,375525429
0.2341,134589,375660018
0.234,135175,375795193
0.2339,135303,375930496
0.2338,134866,376065362
0.2337,134592,376199954
0.2336,134220,376334174
0.2335,134671,376468845
0.2334,135236,376604081
0.2333,135913,376739994
0.2332,134916,376874910
0.2331,135784,377010694
0.233,135213,377145907
0.2329,134579,377280486
0.2328,136222,377416708
0.2327,135366,377552074
0.2326,134312,377686386
0.2325,134813,377821199
0.2324,136053,377957252
0.2323,134913,378092165
0.2322,136666,378228831
0.2321,135134,378363965
0.232,134859,378498824
0.2319,135854,378634678
0.2318,134912,378769590
0.2317,135847,378905437
0.2316,136696,379042133
0.2315,137154,379179287
0.2314,135568,379314855
0.2313,135202,379450057
0.2312,136735,379586792
0.2311,137045,379723837
0.231,135327,379859164
0.2309,137349,379996513
0.2308,135001,380131514
0.2307,136498,380268012
0.2306,136339,380404351
0.2305,136382,380540733
0.2304,134928,380675661
0.2303,136404,380812065
0.2302,135967,380948032
0.2301,137048,381085080
0.23,137152,381222232
0.2299,136289,381358521
0.2298,136656,381495177
0.2297,136601,381631778
0.2296,137303,381769081
0.2295,137855,381906936
0.2294,137136,382044072
0.2293,137281,382181353
0.2292,137324,382318677
0.2291,136312,382454989
0.229,137183,382592172
0.2289,137159,382729331
0.2288,136562,382865893
0.2287,138024,383003917
0.2286,137940,383141857
0.2285,138007,383279864
0.2284,138014,383417878
0.2283,137242,383555120
0.2282,136851,383691971
0.2281,136913,383828884
0.228,137593,383966477
0.2279,138295,384104772
0.2278,138840,384243612
0.2277,137201,384380813
0.2276,138833,384519646
0.2275,138092,384657738
0.2274,140269,384798007
0.2273,138510,384936517
0.2272,138237,385074754
0.2271,137462,385212216
0.227,137977,385350193
0.2269,137795,385487988
0.2268,138313,385626301
0.2267,138517,385764818
0.2266,137898,385902716
0.2265,138619,386041335
0.2264,138742,386180077
0.2263,139221,386319298
0.2262,137227,386456525
0.2261,138333,386594858
0.226,138512,386733370
0.2259,138076,386871446
0.2258,138678,387010124
0.2257,137567,387147691
0.2256,138562,387286253
0.2255,139834,387426087
0.2254,138415,387564502
0.2253,138866,387703368
0.2252,138177,387841545
0.2251,139650,387981195
0.225,139167,388120362
0.2249,139075,388259437
0.2248,139962,388399399
0.2247,138817,388538216
0.2246,140162,388678378
0.2245,140434,388818812
0.2244,139884,388958696
0.2243,139175,389097871
0.2242,139948,389237819
0.2241,139315,389377134
0.224,140078,389517212
0.2239,139441,389656653
0.2238,138612,389795265
0.2237,140288,389935553
0.2236,140396,390075949
0.2235,140061,390216010
0.2234,138850,390354860
0.2233,140373,390495233
0.2232,139596,390634829
0.2231,139380,390774209
0.223,139867,390914076
0.2229,139531,391053607
0.2228,138614,391192221
0.2227,139213,391331434
0.2226,139675,391471109
0.2225,139694,391610803
0.2224,139502,391750305
0.2223,139947,391890252
0.2222,140430,392030682
0.2221,140202,392170884
0.222,140614,392311498
0.2219,139854,392451352
0.2218,140842,392592194
0.2217,141430,392733624
0.2216,141444,392875068
0.2215,141906,393016974
0.2214,141190,393158164
0.2213,140909,393299073
0.2212,141408,393440481
0.2211,140356,393580837
0.221,139979,393720816
0.2209,140573,393861389
0.2208,141655,394003044
0.2207,140166,394143210
0.2206,140938,394284148
0.2205,141972,394426120
0.2204,140938,394567058
0.2203,140300,394707358
0.2202,142475,394849833
0.2201,141529,394991362
0.22,139720,395131082
0.2199,140644,395271726
0.2198,140923,395412649
0.2197,141356,395554005
0.2196,141489,395695494
0.2195,142972,395838466
0.2194,141324,395979790
0.2193,142027,396121817
0.2192,142023,396263840
0.2191,140969,396404809
0.219,140732,396545541
0.2189,141687,396687228
0.2188,142433,396829661
0.2187,141974,396971635
0.2186,142625,397114260
0.2185,142563,397256823
0.2184,142741,397399564
0.2183,142707,397542271
0.2182,141715,397683986
0.2181,142562,397826548
0.218,142295,397968843
0.2179,142232,398111075
0.2178,142381,398253456
0.2177,142789,398396245
0.2176,142788,398539033
0.2175,143370,398682403
0.2174,141692,398824095
0.2173,142832,398966927
0.2172,141840,399108767
0.2171,143212,399251979
0.217,142723,399394702
0.2169,142032,399536734
0.2168,142689,399679423
0.2167,142556,399821979
0.2166,142213,399964192
0.2165,143612,400107804
0.2164,143433,400251237
0.2163,142664,400393901
0.2162,143154,400537055
0.2161,143236,400680291
0.216,143527,400823818
0.2159,143828,400967646
0.2158,143162,401110808
0.2157,143270,401254078
0.2156,143386,401397464
0.2155,143063,401540527
0.2154,142327,401682854
0.2153,143295,401826149
0.2152,144579,401970728
0.2151,144400,402115128
0.215,143634,402258762
0.2149,143928,402402690
0.2148,143551,402546241
0.2147,143725,402689966
0.2146,144415,402834381
0.2145,144464,402978845
0.2144,144264,403123109
0.2143,143590,403266699
0.2142,144407,403411106
0.2141,144003,403555109
0.214,145430,403700539
0.2139,143734,403844273
0.2138,144833,403989106
0.2137,144021,404133127
0.2136,144172,404277299
0.2135,144792,404422091
0.2134,145254,404567345
0.2133,144810,404712155
0.2132,145043,404857198
0.2131,146144,405003342
0.213,144788,405148130
0.2129,144285,405292415
0.2128,146221,405438636
0.2127,144337,405582973
0.2126,144366,405727339
0.2125,145324,405872663
0.2124,145290,406017953
0.2123,145090,406163043
0.2122,145302,406308345
0.2121,144355,406452700
0.212,145232,406597932
0.2119,145507,406743439
0.2118,145898,406889337
0.2117,145365,407034702
0.2116,146093,407180795
0.2115,145575,407326370
0.2114,145161,407471531
0.2113,145321,407616852
0.2112,147129,407763981
0.2111,145367,407909348
0.211,145921,408055269
0.2109,146639,408201908
0.2108,145363,408347271
0.2107,145503,408492774
0.2106,145351,408638125
0.2105,146402,408784527
0.2104,146465,408930992
0.2103,146607,409077599
0.2102,146610,409224209
0.2101,146545,409370754
0.21,146683,409517437
0.2099,146380,409663817
0.2098,146365,409810182
0.2097,146503,409956685
0.2096,146253,410102938
0.2095,146609,410249547
0.2094,146826,410396373
0.2093,146717,410543090
0.2092,146831,410689921
0.2091,148546,410838467
0.209,146290,410984757
0.2089,146874,411131631
0.2088,152237,411283868
0.2087,146306,411430174
0.2086,147694,411577868
0.2085,146919,411724787
0.2084,148203,411872990
0.2083,146843,412019833
0.2082,148460,412168293
0.2081,146385,412314678
0.208,145734,412460412
0.2079,148074,412608486
0.2078,147276,412755762
0.2077,147416,412903178
0.2076,146349,413049527
0.2075,149243,413198770
0.2074,148062,413346832
0.2073,148680,413495512
0.2072,147918,413643430
0.2071,146816,413790246
0.207,149212,413939458
0.2069,147627,414087085
0.2068,147474,414234559
0.2067,148155,414382714
0.2066,147647,414530361
0.2065,148777,414679138
0.2064,147689,414826827
0.2063,147701,414974528
0.2062,147827,415122355
0.2061,147861,415270216
0.206,149147,415419363
0.2059,149116,415568479
0.2058,148896,415717375
0.2057,148483,415865858
0.2056,149695,416015553
0.2055,146821,416162374
0.2054,148846,416311220
0.2053,149257,416460477
0.2052,149252,416609729
0.2051,148917,416758646
0.205,148068,416906714
0.2049,149004,417055718
0.2048,148914,417204632
0.2047,150180,417354812
0.2046,148925,417503737
0.2045,148541,417652278
0.2044,149795,417802073
0.2043,150339,417952412
0.2042,149256,418101668
0.2041,149591,418251259
0.204,149561,418400820
0.2039,149801,418550621
0.2038,149732,418700353
0.2037,148741,418849094
0.2036,149900,418998994
0.2035,149428,419148422
0.2034,150393,419298815
0.2033,150219,419449034
0.2032,150275,419599309
0.2031,150046,419749355
0.203,150277,419899632
0.2029,150186,420049818
0.2028,150670,420200488
0.2027,150075,420350563
0.2026,149469,420500032
0.2025,149599,420649631
0.2024,150552,420800183
0.2023,150684,420950867
0.2022,151500,421102367
0.2021,150711,421253078
0.202,149981,421403059
0.2019,150483,421553542
0.2018,151807,421705349
0.2017,150304,421855653
0.2016,150351,422006004
0.2015,150089,422156093
0.2014,150125,422306218
0.2013,150921,422457139
0.2012,151827,422608966
0.2011,150765,422759731
0.201,151879,422911610
0.2009,150553,423062163
0.2008,149865,423212028
0.2007,151624,423363652
0.2006,151439,423515091
0.2005,151999,423667090
0.2004,151495,423818585
0.2003,151435,423970020
0.2002,151424,424121444
0.2001,151912,424273356
0.2,153055,424426411
0.1999,151359,424577770
0.1998,151051,424728821
0.1997,151701,424880522
0.1996,150620,425031142
0.1995,151387,425182529
0.1994,153381,425335910
0.1993,151661,425487571
0.1992,151081,425638652
0.1991,152983,425791635
0.199,152291,425943926
0.1989,152409,426096335
0.1988,152568,426248903
0.1987,152422,426401325
0.1986,152311,426553636
0.1985,152788,426706424
0.1984,153554,426859978
0.1983,151420,427011398
0.1982,151969,427163367
0.1981,152677,427316044
0.198,151201,427467245
0.1979,152618,427619863
0.1978,154216,427774079
0.1977,153090,427927169
0.1976,152294,428079463
0.1975,151791,428231254
0.1974,153408,428384662
0.1973,153028,428537690
0.1972,153217,428690907
0.1971,152117,428843024
0.197,152625,428995649
0.1969,151451,429147100
0.1968,153664,429300764
0.1967,152397,429453161
0.1966,153523,429606684
0.1965,152612,429759296
0.1964,152994,429912290
0.1963,152894,430065184
0.1962,152265,430217449
0.1961,152537,430369986
0.196,153683,430523669
0.1959,154662,430678331
0.1958,153168,430831499
0.1957,154507,430986006
0.1956,153738,431139744
0.1955,153859,431293603
0.1954,153452,431447055
0.1953,153678,431600733
0.1952,152704,431753437
0.1951,154913,431908350
0.195,155024,432063374
0.1949,161735,432225109
0.1948,154548,432379657
0.1947,155053,432534710
0.1946,154826,432689536
0.1945,154307,432843843
0.1944,168637,433012480
0.1943,153532,433166012
0.1942,154207,433320219
0.1941,153036,433473255
0.194,154922,433628177
0.1939,154064,433782241
0.1938,154779,433937020
0.1937,154911,434091931
0.1936,153451,434245382
0.1935,154689,434400071
0.1934,154505,434554576
0.1933,153538,434708114
0.1932,155731,434863845
0.1931,155346,435019191
0.193,154973,435174164
0.1929,155400,435329564
0.1928,154399,435483963
0.1927,155731,435639694
0.1926,157859,435797553
0.1925,155522,435953075
0.1924,155957,436109032
0.1923,155128,436264160
0.1922,156115,436420275
0.1921,155652,436575927
0.192,153861,436729788
0.1919,155947,436885735
0.1918,156402,437042137
0.1917,155476,437197613
0.1916,155532,437353145
0.1915,156059,437509204
0.1914,156179,437665383
0.1913,155720,437821103
0.1912,156676,437977779
0.1911,156652,438134431
0.191,155598,438290029
0.1909,168863,438458892
0.1908,154565,438613457
0.1907,155243,438768700
0.1906,154403,438923103
0.1905,156803,439079906
0.1904,156870,439236776
0.1903,156103,439392879
0.1902,155383,439548262
0.1901,157391,439705653
0.19,156599,439862252
0.1899,155390,440017642
0.1898,157516,440175158
0.1897,156391,440331549
0.1896,157233,440488782
0.1895,156895,440645677
0.1894,157205,440802882
0.1893,155817,440958699
0.1892,158640,441117339
0.1891,156209,441273548
0.189,155502,441429050
0.1889,157084,441586134
0.1888,157152,441743286
0.1887,156709,441899995
0.1886,157255,442057250
0.1885,156553,442213803
0.1884,156575,442370378
0.1883,157295,442527673
0.1882,157010,442684683
0.1881,156455,442841138
0.188,156888,442998026
0.1879,156470,443154496
0.1878,157399,443311895
0.1877,157697,443469592
0.1876,156078,443625670
0.1875,157703,443783373
0.1874,158139,443941512
0.1873,156823,444098335
0.1872,157573,444255908
0.1871,157424,444413332
0.187,158521,444571853
0.1869,157536,444729389
0.1868,157691,444887080
0.1867,158681,445045761
0.1866,157108,445202869
0.1865,158419,445361288
0.1864,157604,445518892
0.1863,157582,445676474
0.1862,159035,445835509
0.1861,158633,445994142
0.186,158563,446152705
0.1859,158225,446310930
0.1858,158264,446469194
0.1857,157046,446626240
0.1856,157513,446783753
0.1855,158392,446942145
0.1854,159079,447101224
0.1853,158446,447259670
0.1852,158299,447417969
0.1851,157949,447575918
0.185,158910,447734828
0.1849,158182,447893010
0.1848,159050,448052060
0.1847,158857,448210917
0.1846,158760,448369677
0.1845,157844,448527521
0.1844,158637,448686158
0.1843,159765,448845923
0.1842,158666,449004589
0.1841,158775,449163364
0.184,159398,449322762
0.1839,158027,449480789
0.1838,158557,449639346
0.1837,160190,449799536
0.1836,160600,449960136
0.1835,158402,450118538
0.1834,159932,450278470
0.1833,158934,450437404
0.1832,158945,450596349
0.1831,158694,450755043
0.183,159226,450914269
0.1829,159722,451073991
0.1828,159877,451233868
0.1827,159219,451393087
0.1826,159915,451553002
0.1825,158858,451711860
0.1824,161115,451872975
0.1823,159909,452032884
0.1822,159296,452192180
0.1821,159307,452351487
0.182,159640,452511127
0.1819,160083,452671210
0.1818,159066,452830276
0.1817,160571,452990847
0.1816,159527,453150374
0.1815,159813,453310187
0.1814,159729,453469916
0.1813,161048,453630964
0.1812,160353,453791317
0.1811,159939,453951256
0.181,160235,454111491
0.1809,160084,454271575
0.1808,159087,454430662
0.1807,159640,454590302
0.1806,160419,454750721
0.1805,159660,454910381
0.1804,161288,455071669
0.1803,161639,455233308
0.1802,160685,455393993
0.1801,161870,455555863
0.18,160712,455716575
0.1799,161315,455877890
0.1798,162091,456039981
0.1797,160591,456200572
0.1796,161649,456362221
0.1795,161144,456523365
0.1794,161914,456685279
0.1793,160413,456845692
0.1792,161254,457006946
0.1791,161367,457168313
0.179,160756,457329069
0.1789,161617,457490686
0.1788,161549,457652235
0.1787,160646,457812881
0.1786,161659,457974540
0.1785,160622,458135162
0.1784,161196,458296358
0.1783,161362,458457720
0.1782,160973,458618693
0.1781,161990,458780683
0.178,160999,458941682
0.1779,161233,459102915
0.1778,161433,459264348
0.1777,162931,459427279
0.1776,162147,459589426
0.1775,162479,459751905
0.1774,160566,459912471
0.1773,161536,460074007
0.1772,164211,460238218
0.1771,161154,460399372
0.177,161945,460561317
0.1769,162185,460723502
0.1768,161617,460885119
0.1767,161919,461047038
0.1766,161895,461208933
0.1765,161900,461370833
0.1764,162321,461533154
0.1763,163985,461697139
0.1762,161651,461858790
0.1761,163139,462021929
0.176,161296,462183225
0.1759,162016,462345241
0.1758,162611,462507852
0.1757,163422,462671274
0.1756,163731,462835005
0.1755,162964,462997969
0.1754,161825,463159794
0.1753,163097,463322891
0.1752,163117,463486008
0.1751,163482,463649490
0.175,163022,463812512
0.1749,162911,463975423
0.1748,162378,464137801
0.1747,163416,464301217
0.1746,162891,464464108
0.1745,162938,464627046
0.1744,163451,464790497
0.1743,162592,464953089
0.1742,164058,465117147
0.1741,163870,465281017
0.174,163621,465444638
0.1739,165057,465609695
0.1738,163917,465773612
0.1737,165460,465939072
0.1736,163702,466102774
0.1735,164049,466266823
0.1734,163451,466430274
0.1733,163300,466593574
0.1732,163476,466757050
0.1731,164714,466921764
0.173,163626,467085390
0.1729,164666,467250056
0.1728,164808,467414864
0.1727,164479,467579343
0.1726,164480,467743823
0.1725,163651,467907474
0.1724,163932,468071406
0.1723,165073,468236479
0.1722,164137,468400616
0.1721,164208,468564824
0.172,163587,468728411
0.1719,163498,468891909
0.1718,164107,469056016
0.1717,164231,469220247
0.1716,163369,469383616
0.1715,164252,469547868
0.1714,164023,469711891
0.1713,163173,469875064
0.1712,164528,470039592
0.1711,164356,470203948
0.171,165238,470369186
0.1709,167246,470536432
0.1708,165152,470701584
0.1707,165493,470867077
0.1706,163465,471030542
0.1705,167190,471197732
0.1704,164885,471362617
0.1703,165945,471528562
0.1702,164980,471693542
0.1701,164241,471857783
0.17,165920,472023703
0.1699,164206,472187909
0.1698,163998,472351907
0.1697,163710,472515617
0.1696,165214,472680831
0.1695,166390,472847221
0.1694,165390,473012611
0.1693,164315,473176926
0.1692,166466,473343392
0.1691,165054,473508446
0.169,165110,473673556
0.1689,164294,473837850
0.1688,166118,474003968
0.1687,164560,474168528
0.1686,165516,474334044
0.1685,165096,474499140
0.1684,164846,474663986
0.1683,164408,474828394
0.1682,165916,474994310
0.1681,165955,475160265
0.168,165964,475326229
0.1679,165671,475491900
0.1678,165028,475656928
0.1677,167322,475824250
0.1676,164709,475988959
0.1675,165806,476154765
0.1674,165554,476320319
0.1673,166624,476486943
0.1672,166342,476653285
0.1671,165429,476818714
0.167,165931,476984645
0.1669,164084,477148729
0.1668,164782,477313511
0.1667,164473,477477984
0.1666,166029,477644013
0.1665,166456,477810469
0.1664,165896,477976365
0.1663,165767,478142132
0.1662,166921,478309053
0.1661,165428,478474481
0.166,165718,478640199
0.1659,166901,478807100
0.1658,166302,478973402
0.1657,165055,479138457
0.1656,167990,479306447
0.1655,166732,479473179
0.1654,165423,479638602
0.1653,166706,479805308
0.1652,166076,479971384
0.1651,165766,480137150
0.165,165273,480302423
0.1649,165551,480467974
0.1648,167192,480635166
0.1647,166660,480801826
0.1646,166233,480968059
0.1645,167192,481135251
0.1644,166603,481301854
0.1643,166196,481468050
0.1642,167016,481635066
0.1641,166145,481801211
0.164,166399,481967610
0.1639,167382,482134992
0.1638,166554,482301546
0.1637,167235,482468781
0.1636,167231,482636012
0.1635,167960,482803972
0.1634,168298,482972270
0.1633,165510,483137780
0.1632,167573,483305353
0.1631,167257,483472610
0.163,167509,483640119
0.1629,166528,483806647
0.1628,167369,483974016
0.1627,167004,484141020
0.1626,167337,484308357
0.1625,167746,484476103
0.1624,167991,484644094
0.1623,167578,484811672
0.1622,166906,484978578
0.1621,168112,485146690
0.162,166369,485313059
0.1619,166688,485479747
0.1618,168219,485647966
0.1617,167429,485815395
0.1616,166875,485982270
0.1615,167845,486150115
0.1614,166300,486316415
0.1613,168311,486484726
0.1612,167225,486651951
0.1611,167271,486819222
0.161,168419,486987641
0.1609,167799,487155440
0.1608,167631,487323071
0.1607,168256,487491327
0.1606,167341,487658668
0.1605,167844,487826512
0.1604,168497,487995009
0.1603,167896,488162905
0.1602,168152,488331057
0.1601,168472,488499529
0.16,168432,488667961
0.1599,168106,488836067
0.1598,167883,489003950
0.1597,168788,489172738
0.1596,166438,489339176
0.1595,167310,489506486
0.1594,168658,489675144
0.1593,167495,489842639
0.1592,167166,490009805
0.1591,169713,490179518
0.159,166684,490346202
0.1589,166973,490513175
0.1588,168048,490681223
0.1587,168378,490849601
0.1586,166826,491016427
0.1585,169413,491185840
0.1584,168545,491354385
0.1583,169205,491523590
0.1582,168587,491692177
0.1581,168825,491861002
0.158,169008,492030010
0.1579,168033,492198043
0.1578,168946,492366989
0.1577,167657,492534646
0.1576,168527,492703173
0.1575,168359,492871532
0.1574,168351,493039883
0.1573,168798,493208681
0.1572,167589,493376270
0.1571,169222,493545492
0.157,169549,493715041
0.1569,168081,493883122
0.1568,167188,494050310
0.1567,167351,494217661
0.1566,169315,494386976
0.1565,169058,494556034
0.1564,169285,494725319
0.1563,168533,494893852
0.1562,169006,495062858
0.1561,168382,495231240
0.156,169189,495400429
0.1559,169912,495570341
0.1558,169629,495739970
0.1557,169671,495909641
0.1556,168711,496078352
0.1555,168422,496246774
0.1554,169509,496416283
0.1553,169318,496585601
0.1552,169033,496754634
0.1551,168924,496923558
0.155,168482,497092040
0.1549,169921,497261961
0.1548,167843,497429804
0.1547,169238,497599042
0.1546,169456,497768498
0.1545,167870,497936368
0.1544,170443,498106811
0.1543,169188,498275999
0.1542,167930,498443929
0.1541,169334,498613263
0.154,169250,498782513
0.1539,168433,498950946
0.1538,168486,499119432
0.1537,169539,499288971
0.1536,168917,499457888
0.1535,168465,499626353
0.1534,167905,499794258
0.1533,170591,499964849
0.1532,169711,500134560
0.1531,170374,500304934
0.153,169074,500474008
0.1529,167887,500641895
0.1528,168583,500810478
0.1527,169411,500979889
0.1526,169929,501149818
0.1525,169145,501318963
0.1524,169234,501488197
0.1523,168890,501657087
0.1522,170369,501827456
0.1521,170649,501998105
0.152,169754,502167859
0.1519,170018,502337877
0.1518,169546,502507423
0.1517,169329,502676752
0.1516,168599,502845351
0.1515,169966,503015317
0.1514,168388,503183705
0.1513,170088,503353793
0.1512,168402,503522195
0.1511,169844,503692039
0.151,169179,503861218
0.1509,170317,504031535
0.1508,170486,504202021
0.1507,170578,504372599
0.1506,169173,504541772
0.1505,169179,504710951
0.1504,170464,504881415
0.1503,171004,505052419
0.1502,169320,505221739
0.1501,170271,505392010
0.15,170053,505562063
0.1499,169608,505731671
0.1498,170047,505901718
0.1497,170699,506072417
0.1496,168628,506241045
0.1495,169869,506410914
0.1494,171420,506582334
0.1493,168885,506751219
0.1492,169787,506921006
0.1491,169854,507090860
0.149,169588,507260448
0.1489,169597,507430045
0.1488,170110,507600155
0.1487,169332,507769487
0.1486,170262,507939749
0.1485,168567,508108316
0.1484,170735,508279051
0.1483,170644,508449695
0.1482,170530,508620225
0.1481,171039,508791264
0.148,170394,508961658
0.1479,171714,509133372
0.1478,170673,509304045
0.1477,170641,509474686
0.1476,170975,509645661
0.1475,169653,509815314
0.1474,169705,509985019
0.1473,170457,510155476
0.1472,170592,510326068
0.1471,170222,510496290
0.147,171152,510667442
0.1469,170265,510837707
0.1468,170782,511008489
0.1467,170584,511179073
0.1466,169465,511348538
0.1465,169448,511517986
0.1464,169788,511687774
0.1463,170349,511858123
0.1462,171222,512029345
0.1461,169462,512198807
0.146,171089,512369896
0.1459,170462,512540358
0.1458,171341,512711699
0.1457,170745,512882444
0.1456,171876,513054320
0.1455,170028,513224348
0.1454,170480,513394828
0.1453,170609,513565437
0.1452,170476,513735913
0.1451,170628,513906541
0.145,171242,514077783
0.1449,170505,514248288
0.1448,170498,514418786
0.1447,170880,514589666
0.1446,171275,514760941
0.1445,170154,514931095
0.1444,171455,515102550
0.1443,169733,515272283
0.1442,170939,515443222
0.1441,170864,515614086
0.144,172854,515786940
0.1439,171853,515958793
0.1438,172679,516131472
0.1437,171477,516302949
0.1436,170025,516472974
0.1435,171617,516644591
0.1434,170512,516815103
0.1433,171271,516986374
0.1432,171214,517157588
0.1431,170241,517327829
0.143,171280,517499109
0.1429,170734,517669843
0.1428,170807,517840650
0.1427,171144,518011794
0.1426,170467,518182261
0.1425,170984,518353245
0.1424,172381,518525626
0.1423,171254,518696880
0.1422,171267,518868147
0.1421,170701,519038848
0.142,170015,519208863
0.1419,170490,519379353
0.1418,170812,519550165
0.1417,170726,519720891
0.1416,172779,519893670
0.1415,171542,520065212
0.1414,172683,520237895
0.1413,172091,520409986
0.1412,172167,520582153
0.1411,171753,520753906
0.141,170655,520924561
0.1409,170989,521095550
0.1408,171320,521266870
0.1407,171362,521438232
0.1406,171587,521609819
0.1405,171492,521781311
0.1404,170909,521952220
0.1403,172431,522124651
0.1402,171693,522296344
0.1401,170713,522467057
0.14,172165,522639222
0.1399,172420,522811642
0.1398,171546,522983188
0.1397,170126,523153314
0.1396,171708,523325022
0.1395,171275,523496297
0.1394,170699,523666996
0.1393,170879,523837875
0.1392,172032,524009907
0.1391,170546,524180453
0.139,172076,524352529
0.1389,170960,524523489
0.1388,170442,524693931
0.1387,171345,524865276
0.1386,172029,525037305
0.1385,171847,525209152
0.1384,171783,525380935
0.1383,171765,525552700
0.1382,171967,525724667
0.1381,171139,525895806
0.138,171425,526067231
0.1379,171240,526238471
0.1378,171112,526409583
0.1377,172524,526582107
0.1376,170587,526752694
0.1375,170325,526923019
0.1374,171284,527094303
0.1373,172166,527266469
0.1372,170851,527437320
0.1371,171798,527609118
0.137,170180,527779298
0.1369,172115,527951413
0.1368,172074,528123487
0.1367,171914,528295401
0.1366,171013,528466414
0.1365,171777,528638191
0.1364,172184,528810375
0.1363,169815,528980190
0.1362,172174,529152364
0.1361,170754,529323118
0.136,171020,529494138
0.1359,172183,529666321
0.1358,172059,529838380
0.1357,171090,530009470
0.1356,172291,530181761
0.1355,172187,530353948
0.1354,172545,530526493
0.1353,171439,530697932
0.1352,172287,530870219
0.1351,172435,531042654
0.135,171151,531213805
0.1349,172329,531386134
0.1348,171945,531558079
0.1347,170705,531728784
0.1346,170269,531899053
0.1345,171448,532070501
0.1344,171685,532242186
0.1343,170332,532412518
0.1342,171793,532584311
0.1341,171899,532756210
0.134,172445,532928655
0.1339,171835,533100490
0.1338,171596,533272086
0.1337,170821,533442907
0.1336,171375,533614282
0.1335,171435,533785717
0.1334,170934,533956651
0.1333,171713,534128364
0.1332,172135,534300499
0.1331,172624,534473123
0.133,170526,534643649
0.1329,171118,534814767
0.1328,172543,534987310
0.1327,171530,535158840
0.1326,171753,535330593
0.1325,171898,535502491
0.1324,172277,535674768
0.1323,172091,535846859
0.1322,172606,536019465
0.1321,172345,536191810
0.132,171260,536363070
0.1319,171117,536534187
0.1318,171876,536706063
0.1317,170952,536877015
0.1316,171576,537048591
0.1315,171594,537220185
0.1314,172505,537392690
0.1313,171913,537564603
0.1312,171948,537736551
0.1311,170428,537906979
0.131,171957,538078936
0.1309,171365,538250301
0.1308,170483,538420784
0.1307,171335,538592119
0.1306,172638,538764757
0.1305,172929,538937686
0.1304,173212,539110898
0.1303,172325,539283223
0.1302,172409,539455632
0.1301,172173,539627805
0.13,171612,539799417
0.1299,172004,539971421
0.1298,172013,540143434
0.1297,171162,540314596
0.1296,171799,540486395
0.1295,170856,540657251
0.1294,172109,540829360
0.1293,171700,541001060
0.1292,172264,541173324
0.1291,170717,541344041
0.129,171278,541515319
0.1289,171934,541687253
0.1288,171694,541858947
0.1287,172176,542031123
0.1286,172119,542203242
0.1285,171663,542374905
0.1284,171578,542546483
0.1283,171223,542717706
0.1282,170054,542887760
0.1281,171033,543058793
0.128,172620,543231413
0.1279,171299,543402712
0.1278,170984,543573696
0.1277,172202,543745898
0.1276,171711,543917609
0.1275,171922,544089531
0.1274,170680,544260211
0.1273,171307,544431518
0.1272,171221,544602739
0.1271,172007,544774746
0.127,171538,544946284
0.1269,171560,545117844
0.1268,171653,545289497
0.1267,170880,545460377
0.1266,170325,545630702
0.1265,171450,545802152
0.1264,171096,545973248
0.1263,172187,546145435
0.1262,170598,546316033
0.1261,170368,546486401
0.126,169773,546656174
0.1259,170496,546826670
0.1258,171875,546998545
0.1257,171212,547169757
0.1256,171797,547341554
0.1255,171033,547512587
0.1254,170385,547682972
0.1253,170773,547853745
0.1252,170674,548024419
0.1251,171186,548195605
0.125,169687,548365292
0.1249,169622,548534914
0.1248,170578,548705492
0.1247,170750,548876242
0.1246,170020,549046262
0.1245,170456,549216718
0.1244,170933,549387651
0.1243,171093,549558744
0.1242,170078,549728822
0.1241,171030,549899852
0.124,171275,550071127
0.1239,171149,550242276
0.1238,171963,550414239
0.1237,170053,550584292
0.1236,171300,550755592
0.1235,170854,550926446
0.1234,171632,551098078
0.1233,170036,551268114
0.1232,169324,551437438
0.1231,170954,551608392
0.123,169672,551778064
0.1229,171638,551949702
0.1228,170572,552120274
0.1227,171104,552291378
0.1226,170360,552461738
0.1225,169367,552631105
0.1224,169762,552800867
0.1223,169823,552970690
0.1222,170618,553141308
0.1221,169942,553311250
0.122,170372,553481622
0.1219,169892,553651514
0.1218,171081,553822595
0.1217,170449,553993044
0.1216,171153,554164197
0.1215,169742,554333939
0.1214,169858,554503797
0.1213,170792,554674589
0.1212,169262,554843851
0.1211,171289,555015140
0.121,170301,555185441
0.1209,169621,555355062
0.1208,170656,555525718
0.1207,170839,555696557
0.1206,170900,555867457
0.1205,171850,556039307
0.1204,169810,556209117
0.1203,170039,556379156
0.1202,169898,556549054
0.1201,169696,556718750
0.12,170458,556889208
0.1199,170837,557060045
0.1198,169869,557229914
0.1197,169494,557399408
0.1196,169827,557569235
0.1195,169524,557738759
0.1194,170319,557909078
0.1193,168900,558077978
0.1192,168737,558246715
0.1191,168825,558415540
0.119,168858,558584398
0.1189,169381,558753779
0.1188,168835,558922614
0.1187,168885,559091499
0.1186,167912,559259411
0.1185,169446,559428857
0.1184,168150,559597007
0.1183,167490,559764497
0.1182,168281,559932778
0.1181,169317,560102095
0.118,168925,560271020
0.1179,170599,560441619
0.1178,168049,560609668
0.1177,167721,560777389
0.1176,168814,560946203
0.1175,167836,561114039
0.1174,168450,561282489
0.1173,169035,561451524
0.1172,168465,561619989
0.1171,169193,561789182
0.117,168753,561957935
0.1169,168031,562125966
0.1168,167833,562293799
0.1167,168379,562462178
0.1166,168462,562630640
0.1165,168809,562799449
0.1164,167684,562967133
0.1163,167625,563134758
0.1162,168379,563303137
0.1161,168339,563471476
0.116,169852,563641328
0.1159,170153,563811481
0.1158,168291,563979772
0.1157,167776,564147548
0.1156,168153,564315701
0.1155,169023,564484724
0.1154,168489,564653213
0.1153,167803,564821016
0.1152,167627,564988643
0.1151,168303,565156946
0.115,168855,565325801
0.1149,167561,565493362
0.1148,168311,565661673
0.1147,167008,565828681
0.1146,168620,565997301
0.1145,168164,566165465
0.1144,168987,566334452
0.1143,167214,566501666
0.1142,168896,566670562
0.1141,167282,566837844
0.114,169039,567006883
0.1139,167403,567174286
0.1138,166001,567340287
0.1137,166069,567506356
0.1136,165766,567672122
0.1135,166872,567838994
0.1134,167261,568006255
0.1133,167116,568173371
0.1132,166304,568339675
0.1131,166454,568506129
0.113,165953,568672082
0.1129,166763,568838845
0.1128,165228,569004073
0.1127,166552,569170625
0.1126,166751,569337376
0.1125,167491,569504867
0.1124,165545,569670412
0.1123,167156,569837568
0.1122,167684,570005252
0.1121,165529,570170781
0.112,165907,570336688
0.1119,167050,570503738
0.1118,166824,570670562
0.1117,166574,570837136
0.1116,167523,571004659
0.1115,165267,571169926
0.1114,165714,571335640
0.1113,166204,571501844
0.1112,166609,571668453
0.1111,166324,571834777
0.111,166208,572000985
0.1109,164616,572165601
0.1108,165531,572331132
0.1107,166173,572497305
0.1106,165825,572663130
0.1105,166827,572829957
0.1104,165216,572995173
0.1103,165282,573160455
0.1102,165355,573325810
0.1101,165133,573490943
0.11,165870,573656813
0.1099,165228,573822041
0.1098,165657,573987698
0.1097,165092,574152790
0.1096,164753,574317543
0.1095,164434,574481977
0.1094,165993,574647970
0.1093,166465,574814435
0.1092,165257,574979692
0.1091,165726,575145418
0.109,166177,575311595
0.1089,164702,575476297
0.1088,165234,575641531
0.1087,166013,575807544
0.1086,164198,575971742
0.1085,164609,576136351
0.1084,163918,576300269
0.1083,164359,576464628
0.1082,165019,576629647
0.1081,164462,576794109
0.108,165584,576959693
0.1079,163549,577123242
0.1078,163790,577287032
0.1077,164916,577451948
0.1076,168361,577620309
0.1075,165841,577786150
0.1074,164204,577950354
0.1073,163803,578114157
0.1072,164235,578278392
0.1071,164529,578442921
0.107,164751,578607672
0.1069,165538,578773210
0.1068,164343,578937553
0.1067,163846,579101399
0.1066,163843,579265242
0.1065,165068,579430310
0.1064,164446,579594756
0.1063,162522,579757278
0.1062,163870,579921148
0.1061,163013,580084161
0.106,163714,580247875
0.1059,164167,580412042
0.1058,162716,580574758
0.1057,163852,580738610
0.1056,163373,580901983
0.1055,164881,581066864
0.1054,163441,581230305
0.1053,163596,581393901
0.1052,163469,581557370
0.1051,162052,581719422
0.105,161124,581880546
0.1049,163800,582044346
0.1048,162794,582207140
0.1047,162372,582369512
0.1046,163269,582532781
0.1045,163634,582696415
0.1044,162090,582858505
0.1043,163090,583021595
0.1042,162194,583183789
0.1041,161290,583345079
0.104,161529,583506608
0.1039,161831,583668439
0.1038,161421,583829860
0.1037,162933,583992793
0.1036,162014,584154807
0.1035,164614,584319421
0.1034,161832,584481253
0.1033,161809,584643062
0.1032,161308,584804370
0.1031,162183,584966553
0.103,161176,585127729
0.1029,161409,585289138
0.1028,163930,585453068
0.1027,160215,585613283
0.1026,162161,585775444
0.1025,161665,585937109
0.1024,161144,586098253
0.1023,160654,586258907
0.1022,162261,586421168
0.1021,160644,586581812
0.102,161195,586743007
0.1019,160859,586903866
0.1018,161267,587065133
0.1017,160578,587225711
0.1016,161920,587387631
0.1015,161356,587548987
0.1014,159718,587708705
0.1013,161845,587870550
0.1012,160250,588030800
0.1011,161520,588192320
0.101,161414,588353734
0.1009,160500,588514234
0.1008,160337,588674571
0.1007,161041,588835612
0.1006,161426,588997038
0.1005,158360,589155398
0.1004,160410,589315808
0.1003,160067,589475875
0.1002,159910,589635785
0.1001,162472,589798257
0.1,159212,589957469
0.0999,162291,590119760
0.0998,158050,590277810
0.0997,159830,590437640
0.0996,159589,590597229
0.0995,161405,590758634
0.0994,157796,590916430
0.0993,158494,591074924
0.0992,159900,591234824
0.0991,162613,591397437
0.099,159793,591557230
0.0989,159403,591716633
0.0988,158391,591875024
0.0987,159273,592034297
0.0986,157320,592191617
0.0985,163161,592354778
0.0984,158056,592512834
0.0983,157779,592670613
0.0982,158578,592829191
0.0981,158203,592987394
0.098,158736,593146130
0.0979,158625,593304755
0.0978,157312,593462067
0.0977,157644,593619711
0.0976,158484,593778195
0.0975,158044,593936239
0.0974,159056,594095295
0.0973,157700,594252995
0.0972,157964,594410959
0.0971,157721,594568680
0.097,157799,594726479
0.0969,159114,594885593
0.0968,156823,595042416
0.0967,156913,595199329
0.0966,157176,595356505
0.0965,157231,595513736
0.0964,156947,595670683
0.0963,157377,595828060
0.0962,157734,595985794
0.0961,157900,596143694
0.096,156421,596300115
0.0959,158516,596458631
0.0958,156824,596615455
0.0957,156288,596771743
0.0956,155547,596927290
0.0955,155866,597083156
0.0954,155450,597238606
0.0953,156561,597395167
0.0952,155269,597550436
0.0951,155394,597705830
0.095,156106,597861936
0.0949,156554,598018490
0.0948,156402,598174892
0.0947,156999,598331891
0.0946,155007,598486898
0.0945,157461,598644359
0.0944,154745,598799104
0.0943,156113,598955217
0.0942,155265,599110482
0.0941,154586,599265068
0.094,155295,599420363
0.0939,156257,599576620
0.0938,154675,599731295
0.0937,154231,599885526
0.0936,154434,600039960
0.0935,154972,600194932
0.0934,154889,600349821
0.0933,154856,600504677
0.0932,155595,600660272
0.0931,154867,600815139
0.093,154113,600969252
0.0929,154438,601123690
0.0928,154732,601278422
0.0927,155194,601433616
0.0926,155560,601589176
0.0925,154018,601743194
0.0924,154866,601898060
0.0923,154003,602052063
0.0922,154851,602206914
0.0921,153834,602360748
0.092,153291,602514039
0.0919,153598,602667637
0.0918,154319,602821956
0.0917,156501,602978457
0.0916,153997,603132454
0.0915,153124,603285578
0.0914,153681,603439259
0.0913,154083,603593342
0.0912,153997,603747339
0.0911,153904,603901243
0.091,153690,604054933
0.0909,153457,604208390
0.0908,152691,604361081
0.0907,153039,604514120
0.0906,153992,604668112
0.0905,153155,604821267
0.0904,152537,604973804
0.0903,151640,605125444
0.0902,152887,605278331
0.0901,153679,605432010
0.09,152295,605584305
0.0899,152002,605736307
0.0898,152525,605888832
0.0897,152539,606041371
0.0896,152975,606194346
0.0895,152691,606347037
0.0894,151239,606498276
0.0893,152777,606651053
0.0892,151889,606802942
0.0891,152019,606954961
0.089,152016,607106977
0.0889,151800,607258777
0.0888,150997,607409774
0.0887,151458,607561232
0.0886,152968,607714200
0.0885,151119,607865319
0.0884,150657,608015976
0.0883,150581,608166557
0.0882,150196,608316753
0.0881,152199,608468952
0.088,150164,608619116
0.0879,150966,608770082
0.0878,151337,608921419
0.0877,150834,609072253
0.0876,149606,609221859
0.0875,150238,609372097
0.0874,150521,609522618
0.0873,151403,609674021
0.0872,150312,609824333
0.0871,150360,609974693
0.087,150180,610124873
0.0869,151316,610276189
0.0868,150231,610426420
0.0867,149632,610576052
0.0866,149556,610725608
0.0865,148867,610874475
0.0864,150258,611024733
0.0863,148443,611173176
0.0862,150383,611323559
0.0861,149534,611473093
0.086,149627,611622720
0.0859,149941,611772661
0.0858,149632,611922293
0.0857,149156,612071449
0.0856,149341,612220790
0.0855,148313,612369103
0.0854,149396,612518499
0.0853,148912,612667411
0.0852,150737,612818148
0.0851,148429,612966577
0.085,148152,613114729
0.0849,149540,613264269
0.0848,149768,613414037
0.0847,149462,613563499
0.0846,148350,613711849
0.0845,148090,613859939
0.0844,147506,614007445
0.0843,147550,614154995
0.0842,148743,614303738
0.0841,150492,614454230
0.084,147964,614602194
0.0839,147923,614750117
0.0838,148272,614898389
0.0837,147933,615046322
0.0836,148655,615194977
0.0835,149058,615344035
0.0834,147953,615491988
0.0833,147672,615639660
0.0832,147755,615787415
0.0831,146629,615934044
0.083,147450,616081494
0.0829,147267,616228761
0.0828,146691,616375452
0.0827,147591,616523043
0.0826,147004,616670047
0.0825,146764,616816811
0.0824,147417,616964228
0.0823,148930,617113158
0.0822,147289,617260447
0.0821,147201,617407648
0.082,145698,617553346
0.0819,146453,617699799
0.0818,146679,617846478
0.0817,147024,617993502
0.0816,147436,618140938
0.0815,146734,618287672
0.0814,145853,618433525
0.0813,145708,618579233
0.0812,144978,618724211
0.0811,145674,618869885
0.081,146779,619016664
0.0809,146550,619163214
0.0808,146055,619309269
0.0807,145415,619454684
0.0806,144544,619599228
0.0805,145479,619744707
0.0804,145106,619889813
0.0803,144753,620034566
0.0802,144204,620178770
0.0801,145393,620324163
0.08,145141,620469304
0.0799,144513,620613817
0.0798,145191,620759008
0.0797,143776,620902784
0.0796,144343,621047127
0.0795,145066,621192193
0.0794,144108,621336301
0.0793,144530,621480831
0.0792,143700,621624531
0.0791,143496,621768027
0.079,143086,621911113
0.0789,144358,622055471
0.0788,143062,622198533
0.0787,142839,622341372
0.0786,143267,622484639
0.0785,145253,622629892
0.0784,143077,622772969
0.0783,142721,622915690
0.0782,143712,623059402
0.0781,142705,623202107
0.078,143297,623345404
0.0779,143764,623489168
0.0778,143313,623632481
0.0777,142318,623774799
0.0776,141830,623916629
0.0775,143196,624059825
0.0774,143662,624203487
0.0773,142163,624345650
0.0772,141737,624487387
0.0771,142689,624630076
0.077,142319,624772395
0.0769,142629,624915024
0.0768,141981,625057005
0.0767,142752,625199757
0.0766,141120,625340877
0.0765,141915,625482792
0.0764,141087,625623879
0.0763,142230,625766109
0.0762,141111,625907220
0.0761,141048,626048268
0.076,141966,626190234
0.0759,140867,626331101
0.0758,141565,626472666
0.0757,140758,626613424
0.0756,140253,626753677
0.0755,141693,626895370
0.0754,140813,627036183
0.0753,140897,627177080
0.0752,141043,627318123
0.0751,140559,627458682
0.075,139756,627598438
0.0749,140597,627739035
0.0748,140872,627879907
0.0747,140380,628020287
0.0746,139852,628160139
0.0745,139069,628299208
0.0744,139675,628438883
0.0743,138011,628576894
0.0742,139826,628716720
0.0741,139050,628855770
0.074,139204,628994974
0.0739,139732,629134706
0.0738,139440,629274146
0.0737,139219,629413365
0.0736,140354,629553719
0.0735,139115,629692834
0.0734,139066,629831900
0.0733,138448,629970348
0.0732,139321,630109669
0.0731,139139,630248808
0.073,139943,630388751
0.0729,137721,630526472
0.0728,138451,630664923
0.0727,138812,630803735
0.0726,138308,630942043
0.0725,138102,631080145
0.0724,137915,631218060
0.0723,138078,631356138
0.0722,138886,631495024
0.0721,137717,631632741
0.072,137911,631770652
0.0719,136701,631907353
0.0718,137040,632044393
0.0717,137585,632181978
0.0716,135812,632317790
0.0715,137316,632455106
0.0714,136707,632591813
0.0713,137443,632729256
0.0712,135994,632865250
0.0711,136876,633002126
0.071,136798,633138924
0.0709,136504,633275428
0.0708,135772,633411200
0.0707,136894,633548094
0.0706,136563,633684657
0.0705,136584,633821241
0.0704,136640,633957881
0.0703,135545,634093426
0.0702,135339,634228765
0.0701,134785,634363550
0.07,136138,634499688
0.0699,135401,634635089
0.0698,136036,634771125
0.0697,135347,634906472
0.0696,135448,635041920
0.0695,134990,635176910
0.0694,135741,635312651
0.0693,135335,635447986
0.0692,132723,635580709
0.0691,134192,635714901
0.069,134302,635849203
0.0689,134562,635983765
0.0688,134663,636118428
0.0687,133431,636251859
0.0686,134333,636386192
0.0685,133742,636519934
0.0684,134778,636654712
0.0683,134344,636789056
0.0682,133977,636923033
0.0681,133674,637056707
0.068,133565,637190272
0.0679,134451,637324723
0.0678,133712,637458435
0.0677,133564,637591999
0.0676,133340,637725339
0.0675,132750,637858089
0.0674,134572,637992661
0.0673,132255,638124916
0.0672,133198,638258114
0.0671,132423,638390537
0.067,132303,638522840
0.0669,133353,638656193
0.0668,132658,638788851
0.0667,131211,638920062
0.0666,131660,639051722
0.0665,132625,639184347
0.0664,132742,639317089
0.0663,132678,639449767
0.0662,131774,639581541
0.0661,131777,639713318
0.066,131990,639845308
0.0659,132549,639977857
0.0658,131369,640109226
0.0657,132599,640241825
0.0656,131532,640373357
0.0655,131094,640504451
0.0654,131394,640635845
0.0653,130807,640766652
0.0652,130488,640897140
0.0651,130881,641028021
0.065,130364,641158385
0.0649,130505,641288890
0.0648,129681,641418571
0.0647,130292,641548863
0.0646,130034,641678897
0.0645,129945,641808842
0.0644,129737,641938579
0.0643,130263,642068842
0.0642,130484,642199326
0.0641,129964,642329290
0.064,130313,642459603
0.0639,130298,642589901
0.0638,130151,642720052
0.0637,129400,642849452
0.0636,129485,642978937
0.0635,129377,643108314
0.0634,129427,643237741
0.0633,128348,643366089
0.0632,128883,643494972
0.0631,128245,643623217
0.063,129448,643752665
0.0629,128629,643881294
0.0628,127839,644009133
0.0627,127973,644137106
0.0626,128615,644265721
0.0625,127594,644393315
0.0624,127828,644521143
0.0623,129059,644650202
0.0622,128249,644778451
0.0621,128199,644906650
0.062,127978,645034628
0.0619,127310,645161938
0.0618,127016,645288954
0.0617,127027,645415981
0.0616,127626,645543607
0.0615,127292,645670899
0.0614,127642,645798541
0.0613,127381,645925922
0.0612,127111,646053033
0.0611,126345,646179378
0.061,126682,646306060
0.0609,127000,646433060
0.0608,127791,646560851
0.0607,125542,646686393
0.0606,127394,646813787
0.0605,124870,646938657
0.0604,126793,647065450
0.0603,126065,647191515
0.0602,125558,647317073
0.0601,124779,647441852
0.06,124941,647566793
0.0599,125762,647692555
0.0598,126279,647818834
0.0597,125885,647944719
0.0596,124411,648069130
0.0595,125920,648195050
0.0594,125023,648320073
0.0593,126227,648446300
0.0592,125292,648571592
0.0591,125286,648696878
0.059,125501,648822379
0.0589,125518,648947897
0.0588,125842,649073739
0.0587,123816,649197555
0.0586,124336,649321891
0.0585,124765,649446656
0.0584,123316,649569972
0.0583,124012,649693984
0.0582,123661,649817645
0.0581,123872,649941517
0.058,122938,650064455
0.0579,123234,650187689
0.0578,123345,650311034
0.0577,122442,650433476
0.0576,122890,650556366
0.0575,124451,650680817
0.0574,124098,650804915
0.0573,122634,650927549
0.0572,122580,651050129
0.0571,122928,651173057
0.057,122718,651295775
0.0569,122174,651417949
0.0568,122849,651540798
0.0567,122247,651663045
0.0566,122172,651785217
0.0565,122318,651907535
0.0564,122882,652030417
0.0563,120261,652150678
0.0562,120978,652271656
0.0561,121545,652393201
0.056,120855,652514056
0.0559,120944,652635000
0.0558,122220,652757220
0.0557,122269,652879489
0.0556,120548,653000037
0.0555,121618,653121655
0.0554,119549,653241204
0.0553,121105,653362309
0.0552,121393,653483702
0.0551,120196,653603898
0.055,120471,653724369
0.0549,120666,653845035
0.0548,120368,653965403
0.0547,120170,654085573
0.0546,120302,654205875
0.0545,120602,654326477
0.0544,119618,654446095
0.0543,119815,654565910
0.0542,120162,654686072
0.0541,119464,654805536
0.054,120566,654926102
0.0539,120105,655046207
0.0538,118713,655164920
0.0537,119499,655284419
0.0536,119969,655404388
0.0535,119765,655524153
0.0534,118563,655642716
0.0533,119952,655762668
0.0532,119010,655881678
0.0531,120351,656002029
0.053,118965,656120994
0.0529,118707,656239701
0.0528,119194,656358895
0.0527,118636,656477531
0.0526,118827,656596358
0.0525,118116,656714474
0.0524,118725,656833199
0.0523,120061,656953260
0.0522,118205,657071465
0.0521,120070,657191535
0.052,118287,657309822
0.0519,117678,657427500
0.0518,117280,657544780
0.0517,117156,657661936
0.0516,118244,657780180
0.0515,117101,657897281
0.0514,117567,658014848
0.0513,117280,658132128
0.0512,117574,658249702
0.0511,119781,658369483
0.051,116948,658486431
0.0509,120837,658607268
0.0508,116397,658723665
0.0507,116555,658840220
0.0506,116214,658956434
0.0505,116130,659072564
0.0504,116530,659189094
0.0503,116546,659305640
0.0502,115933,659421573
0.0501,115407,659536980
0.05,115998,659652978
0.0499,115693,659768671
0.0498,115275,659883946
0.0497,115706,659999652
0.0496,116470,660116122
0.0495,116345,660232467
0.0494,114978,660347445
0.0493,116138,660463583
0.0492,114029,660577612
0.0491,114206,660691818
0.049,115074,660806892
0.0489,115380,660922272
0.0488,115307,661037579
0.0487,114596,661152175
0.0486,113199,661265374
0.0485,113789,661379163
0.0484,114034,661493197
0.0483,114081,661607278
0.0482,113876,661721154
0.0481,113743,661834897
0.048,114557,661949454
0.0479,113358,662062812
0.0478,113348,662176160
0.0477,113383,662289543
0.0476,112862,662402405
0.0475,113760,662516165
0.0474,113200,662629365
0.0473,113597,662742962
0.0472,112986,662855948
0.0471,112728,662968676
0.047,112271,663080947
0.0469,112432,663193379
0.0468,112058,663305437
0.0467,112349,663417786
0.0466,112195,663529981
0.0465,111669,663641650
0.0464,111282,663752932
0.0463,111545,663864477
0.0462,112400,663976877
0.0461,111990,664088867
0.046,111386,664200253
0.0459,111104,664311357
0.0458,111019,664422376
0.0457,111189,664533565
0.0456,111760,664645325
0.0455,111233,664756558
0.0454,110555,664867113
0.0453,110608,664977721
0.0452,110641,665088362
0.0451,110254,665198616
0.045,110018,665308634
0.0449,109912,665418546
0.0448,109504,665528050
0.0447,110076,665638126
0.0446,110267,665748393
0.0445,109347,665857740
0.0444,109128,665966868
0.0443,109730,666076598
0.0442,110018,666186616
0.0441,110655,666297271
0.044,109247,666406518
0.0439,109277,666515795
0.0438,109800,666625595
0.0437,108278,666733873
0.0436,108709,666842582
0.0435,107978,666950560
0.0434,108645,667059205
0.0433,107787,667166992
0.0432,108110,667275102
0.0431,108376,667383478
0.043,107861,667491339
0.0429,107065,667598404
0.0428,108261,667706665
0.0427,107132,667813797
0.0426,107180,667920977
0.0425,107124,668028101
0.0424,107639,668135740
0.0423,107026,668242766
0.0422,106622,668349388
0.0421,107552,668456940
0.042,106417,668563357
0.0419,106766,668670123
0.0418,107336,668777459
0.0417,106311,668883770
0.0416,105560,668989330
0.0415,106396,669095726
0.0414,105844,669201570
0.0413,106332,669307902
0.0412,106441,669414343
0.0411,105486,669519829
0.041,105318,669625147
0.0409,105212,669730359
0.0408,105578,669835937
0.0407,105051,669940988
0.0406,104732,670045720
0.0405,104857,670150577
0.0404,104978,670255555
0.0403,105092,670360647
0.0402,104436,670465083
0.0401,103693,670568776
0.04,104529,670673305
0.0399,104355,670777660
0.0398,104051,670881711
0.0397,103872,670985583
0.0396,102857,671088440
0.0395,103525,671191965
0.0394,102792,671294757
0.0393,103509,671398266
0.0392,102716,671500982
0.0391,103589,671604571
0.039,102497,671707068
0.0389,102234,671809302
0.0388,102940,671912242
0.0387,102627,672014869
0.0386,103026,672117895
0.0385,102299,672220194
0.0384,101953,672322147
0.0383,100849,672422996
0.0382,102257,672525253
0.0381,101327,672626580
0.038,101444,672728024
0.0379,101597,672829621
0.0378,100864,672930485
0.0377,100376,673030861
0.0376,102087,673132948
0.0375,100911,673233859
0.0374,100086,673333945
0.0373,99905,673433850
0.0372,100470,673534320
0.0371,99299,673633619
0.037,100523,673734142
0.0369,99851,673833993
0.0368,98944,673932937
0.0367,98286,674031223
0.0366,98973,674130196
0.0365,99884,674230080
0.0364,99069,674329149
0.0363,99572,674428721
0.0362,98911,674527632
0.0361,98094,674625726
0.036,99170,674724896
0.0359,97685,674822581
0.0358,97340,674919921
0.0357,97641,675017562
0.0356,96233,675113795
0.0355,96716,675210511
0.0354,97364,675307875
0.0353,97937,675405812
0.0352,97675,675503487
0.0351,96258,675599745
0.035,96338,675696083
0.0349,96090,675792173
0.0348,95698,675887871
0.0347,96794,675984665
0.0346,95590,676080255
0.0345,94871,676175126
0.0344,95769,676270895
0.0343,94427,676365322
0.0342,95015,676460337
0.0341,95086,676555423
0.034,95354,676650777
0.0339,94791,676745568
0.0338,94893,676840461
0.0337,94671,676935132
0.0336,94490,677029622
0.0335,93256,677122878
0.0334,93696,677216574
0.0333,93095,677309669
0.0332,92799,677402468
0.0331,92646,677495114
0.033,93251,677588365
0.0329,92884,677681249
0.0328,92988,677774237
0.0327,92424,677866661
0.0326,92522,677959183
0.0325,92393,678051576
0.0324,91606,678143182
0.0323,92365,678235547
0.0322,91473,678327020
0.0321,90636,678417656
0.032,91039,678508695
0.0319,90874,678599569
0.0318,90209,678689778
0.0317,89848,678779626
0.0316,89953,678869579
0.0315,89677,678959256
0.0314,90362,679049618
0.0313,88791,679138409
0.0312,88837,679227246
0.0311,88653,679315899
0.031,89457,679405356
0.0309,88972,679494328
0.0308,89346,679583674
0.0307,88522,679672196
0.0306,87573,679759769
0.0305,87319,679847088
0.0304,87712,679934800
0.0303,87338,680022138
0.0302,86795,680108933
0.0301,87397,680196330
0.03,86047,680282377
0.0299,86045,680368422
0.0298,85783,680454205
0.0297,86362,680540567
0.0296,85980,680626547
0.0295,85654,680712201
0.0294,85707,680797908
0.0293,86093,680884001
0.0292,85046,680969047
0.0291,84279,681053326
0.029,84685,681138011
0.0289,84301,681222312
0.0288,83995,681306307
0.0287,83273,681389580
0.0286,83320,681472900
0.0285,82488,681555388
0.0284,82453,681637841
0.0283,83125,681720966
0.0282,82136,681803102
0.0281,81982,681885084
0.028,81732,681966816
0.0279,81267,682048083
0.0278,80338,682128421
0.0277,80810,682209231
0.0276,81157,682290388
0.0275,80862,682371250
0.0274,79599,682450849
0.0273,80211,682531060
0.0272,79774,682610834
0.0271,79845,682690679
0.027,78813,682769492
0.0269,79517,682849009
0.0268,78135,682927144
0.0267,77877,683005021
0.0266,77379,683082400
0.0265,77607,683160007
0.0264,77486,683237493
0.0263,76298,683313791
0.0262,77157,683390948
0.0261,77639,683468587
0.026,76356,683544943
0.0259,76236,683621179
0.0258,75291,683696470
0.0257,76423,683772893
0.0256,75924,683848817
0.0255,75367,683924184
0.0254,74704,683998888
0.0253,74445,684073333
0.0252,75325,684148658
0.0251,74644,684223302
0.025,75433,684298735
0.0249,74024,684372759
0.0248,73831,684446590
0.0247,72733,684519323
0.0246,73378,684592701
0.0245,72733,684665434
0.0244,71739,684737173
0.0243,72110,684809283
0.0242,71397,684880680
0.0241,71873,684952553
0.024,71988,685024541
0.0239,71105,685095646
0.0238,71110,685166756
0.0237,70247,685237003
0.0236,70682,685307685
0.0235,69677,685377362
0.0234,69360,685446722
0.0233,69824,685516546
0.0232,68947,685585493
0.0231,68867,685654360
0.023,68977,685723337
0.0229,68110,685791447
0.0228,67401,685858848
0.0227,68363,685927211
0.0226,67029,685994240
0.0225,66913,686061153
0.0224,66216,686127369
0.0223,66111,686193480
0.0222,66017,686259497
0.0221,66068,686325565
0.022,66046,686391611
0.0219,65126,686456737
0.0218,65017,686521754
0.0217,64517,686586271
0.0216,64422,686650693
0.0215,64194,686714887
0.0214,63507,686778394
0.0213,63737,686842131
0.0212,62921,686905052
0.0211,62746,686967798
0.021,61761,687029559
0.0209,61948,687091507
0.0208,61407,687152914
0.0207,61874,687214788
0.0206,61071,687275859
0.0205,60021,687335880
0.0204,59543,687395423
0.0203,59589,687455012
0.0202,59257,687514269
0.0201,59055,687573324
0.02,58804,687632128
0.0199,57822,687689950
0.0198,58073,687748023
0.0197,57650,687805673
0.0196,57968,687863641
0.0195,56876,687920517
0.0194,57111,687977628
0.0193,56050,688033678
0.0192,55867,688089545
0.0191,55678,688145223
0.019,55175,688200398
0.0189,54131,688254529
0.0188,53694,688308223
0.0187,53402,688361625
0.0186,53457,688415082
0.0185,52935,688468017
0.0184,53137,688521154
0.0183,51958,688573112
0.0182,51261,688624373
0.0181,51343,688675716
0.018,51750,688727466
0.0179,51074,688778540
0.0178,49772,688828312
0.0177,49748,688878060
0.0176,49242,688927302
0.0175,48645,688975947
0.0174,48161,689024108
0.0173,47734,689071842
0.0172,46873,689118715
0.0171,46568,689165283
0.017,46399,689211682
0.0169,45807,689257489
0.0168,45326,689302815
0.0167,44964,689347779
0.0166,44571,689392350
0.0165,43259,689435609
0.0164,43354,689478963
0.0163,42656,689521619
0.0162,42472,689564091
0.0161,41924,689606015
0.016,41763,689647778
0.0159,41308,689689086
0.0158,40794,689729880
0.0157,39715,689769595
0.0156,39754,689809349
0.0155,38773,689848122
0.0154,38565,689886687
0.0153,37956,689924643
0.0152,37999,689962642
0.0151,37467,690000109
0.015,36194,690036303
0.0149,35811,690072114
0.0148,35977,690108091
0.0147,35002,690143093
0.0146,34633,690177726
0.0145,33932,690211658
0.0144,33859,690245517
0.0143,33131,690278648
0.0142,32827,690311475
0.0141,32101,690343576
0.014,31905,690375481
0.0139,31726,690407207
0.0138,31281,690438488
0.0137,30271,690468759
0.0136,29313,690498072
0.0135,28976,690527048
0.0134,28801,690555849
0.0133,28393,690584242
0.0132,27623,690611865
0.0131,27287,690639152
0.013,26861,690666013
0.0129,26558,690692571
0.0128,25579,690718150
0.0127,25174,690743324
0.0126,25086,690768410
0.0125,24036,690792446
0.0124,23646,690816092
0.0123,23206,690839298
0.0122,22865,690862163
0.0121,22400,690884563
0.012,21864,690906427
0.0119,20962,690927389
0.0118,20451,690947840
0.0117,20342,690968182
0.0116,19566,690987748
0.0115,19085,691006833
0.0114,18445,691025278
0.0113,18056,691043334
0.0112,17632,691060966
0.0111,17145,691078111
0.011,16948,691095059
0.0109,16071,691111130
0.0108,15881,691127011
0.0107,15399,691142410
0.0106,14856,691157266
0.0105,14220,691171486
0.0104,14066,691185552
0.0103,13409,691198961
0.0102,13284,691212245
0.0101,12339,691224584
0.01,11927,691236511
0.0099,11408,691247919
0.0098,11357,691259276
0.0097,10568,691269844
0.0096,10438,691280282
0.0095,10180,691290462
0.0094,9615,691300077
0.0093,9158,691309235
0.0092,9109,691318344
0.0091,8539,691326883
0.009,8151,691335034
0.0089,7884,691342918
0.0088,7163,691350081
0.0087,6806,691356887
0.0086,6801,691363688
0.0085,6404,691370092
0.0084,5900,691375992
0.0083,5790,691381782
0.0082,5237,691387019
0.0081,5283,691392302
0.008,4668,691396970
0.0079,4663,691401633
0.0078,4234,691405867
0.0077,4095,691409962
0.0076,3735,691413697
0.0075,3492,691417189
0.0074,3429,691420618
0.0073,3220,691423838
0.0072,2873,691426711
0.0071,2704,691429415
0.007,2485,691431900
0.0069,2359,691434259
0.0068,2253,691436512
0.0067,2071,691438583
0.0066,1795,691440378
0.0065,1738,691442116
0.0064,1548,691443664
0.0063,1501,691445165
0.0062,1396,691446561
0.0061,1142,691447703
0.006,1073,691448776
0.0059,976,691449752
0.0058,920,691450672
0.0057,781,691451453
0.0056,727,691452180
0.0055,689,691452869
0.0054,619,691453488
0.0053,488,691453976
0.0052,453,691454429
0.0051,438,691454867
0.005,336,691455203
0.0049,302,691455505
0.0048,253,691455758
0.0047,225,691455983
0.0046,194,691456177
0.0045,144,691456321
0.0044,148,691456469
0.0043,139,691456608
0.0042,86,691456694
0.0041,121,691456815
0.004,85,691456900
0.0039,63,691456963
0.0038,44,691457007
0.0037,41,691457048
0.0036,30,691457078
0.0035,27,691457105
0.0034,25,691457130
0.0033,14,691457144
0.0032,23,691457167
0.0031,10,691457177
0.003,2,691457179
0.0029,2,691457181
0.0028,3,691457184
