"threshold","percentile_sum","cumulative_sum"
0.5219,36655121,36655121
0.5218,64278,36719399
0.5217,64088,36783487
0.5216,63404,36846891
0.5215,65518,36912409
0.5214,64652,36977061
0.5213,65396,37042457
0.5212,65229,37107686
0.5211,65348,37173034
0.521,64775,37237809
0.5209,65354,37303163
0.5208,65515,37368678
0.5207,65471,37434149
0.5206,66035,37500184
0.5205,65370,37565554
0.5204,65541,37631095
0.5203,65947,37697042
0.5202,66292,37763334
0.5201,65892,37829226
0.52,65983,37895209
0.5199,65757,37960966
0.5198,66603,38027569
0.5197,66739,38094308
0.5196,66698,38161006
0.5195,66577,38227583
0.5194,65654,38293237
0.5193,67143,38360380
0.5192,67095,38427475
0.5191,66326,38493801
0.519,67291,38561092
0.5189,67334,38628426
0.5188,67088,38695514
0.5187,66576,38762090
0.5186,67522,38829612
0.5185,67628,38897240
0.5184,67967,38965207
0.5183,67858,39033065
0.5182,67244,39100309
0.5181,67902,39168211
0.518,67405,39235616
0.5179,68520,39304136
0.5178,68632,39372768
0.5177,68616,39441384
0.5176,67111,39508495
0.5175,68415,39576910
0.5174,67963,39644873
0.5173,68278,39713151
0.5172,68367,39781518
0.5171,68056,39849574
0.517,69418,39918992
0.5169,69006,39987998
0.5168,69290,40057288
0.5167,69941,40127229
0.5166,68998,40196227
0.5165,70530,40266757
0.5164,69162,40335919
0.5163,69963,40405882
0.5162,70042,40475924
0.5161,70979,40546903
0.516,70424,40617327
0.5159,70460,40687787
0.5158,70484,40758271
0.5157,69508,40827779
0.5156,70921,40898700
0.5155,70360,40969060
0.5154,71458,41040518
0.5153,71270,41111788
0.5152,70926,41182714
0.5151,70441,41253155
0.515,70680,41323835
0.5149,71153,41394988
0.5148,71301,41466289
0.5147,72002,41538291
0.5146,71754,41610045
0.5145,71786,41681831
0.5144,72594,41754425
0.5143,71524,41825949
0.5142,72493,41898442
0.5141,72787,41971229
0.514,72520,42043749
0.5139,71864,42115613
0.5138,72554,42188167
0.5137,72767,42260934
0.5136,72722,42333656
0.5135,72274,42405930
0.5134,71877,42477807
0.5133,73369,42551176
0.5132,72804,42623980
0.5131,73897,42697877
0.513,73749,42771626
0.5129,73099,42844725
0.5128,73063,42917788
0.5127,73371,42991159
0.5126,73742,43064901
0.5125,73476,43138377
0.5124,73372,43211749
0.5123,72576,43284325
0.5122,74337,43358662
0.5121,74429,43433091
0.512,74373,43507464
0.5119,74757,43582221
0.5118,74575,43656796
0.5117,75195,43731991
0.5116,74502,43806493
0.5115,74648,43881141
0.5114,74781,43955922
0.5113,75327,44031249
0.5112,74780,44106029
0.5111,74236,44180265
0.511,75140,44255405
0.5109,75354,44330759
0.5108,75521,44406280
0.5107,75809,44482089
0.5106,75376,44557465
0.5105,75691,44633156
0.5104,75733,44708889
0.5103,75377,44784266
0.5102,75714,44859980
0.5101,76610,44936590
0.51,76741,45013331
0.5099,76360,45089691
0.5098,76676,45166367
0.5097,75729,45242096
0.5096,76600,45318696
0.5095,76748,45395444
0.5094,77454,45472898
0.5093,76643,45549541
0.5092,77274,45626815
0.5091,76587,45703402
0.509,77822,45781224
0.5089,77129,45858353
0.5088,76605,45934958
0.5087,77686,46012644
0.5086,78596,46091240
0.5085,78794,46170034
0.5084,78441,46248475
0.5083,78220,46326695
0.5082,79157,46405852
0.5081,78150,46484002
0.508,78017,46562019
0.5079,79859,46641878
0.5078,80233,46722111
0.5077,80018,46802129
0.5076,79070,46881199
0.5075,79527,46960726
0.5074,80114,47040840
0.5073,79298,47120138
0.5072,79941,47200079
0.5071,79376,47279455
0.507,79246,47358701
0.5069,79956,47438657
0.5068,80359,47519016
0.5067,79559,47598575
0.5066,79975,47678550
0.5065,80344,47758894
0.5064,79793,47838687
0.5063,80623,47919310
0.5062,81199,48000509
0.5061,80880,48081389
0.506,80796,48162185
0.5059,80682,48242867
0.5058,82134,48325001
0.5057,81601,48406602
0.5056,81614,48488216
0.5055,81874,48570090
0.5054,81454,48651544
0.5053,80723,48732267
0.5052,82189,48814456
0.5051,82375,48896831
0.505,81888,48978719
0.5049,81866,49060585
0.5048,81653,49142238
0.5047,83245,49225483
0.5046,81652,49307135
0.5045,83042,49390177
0.5044,83001,49473178
0.5043,83795,49556973
0.5042,82485,49639458
0.5041,82345,49721803
0.504,83088,49804891
0.5039,83027,49887918
0.5038,83480,49971398
0.5037,84400,50055798
0.5036,84328,50140126
0.5035,83552,50223678
0.5034,83727,50307405
0.5033,83949,50391354
0.5032,84554,50475908
0.5031,83059,50558967
0.503,84827,50643794
0.5029,85013,50728807
0.5028,84434,50813241
0.5027,85023,50898264
0.5026,85051,50983315
0.5025,84826,51068141
0.5024,85197,51153338
0.5023,84776,51238114
0.5022,84974,51323088
0.5021,84971,51408059
0.502,85435,51493494
0.5019,85458,51578952
0.5018,85689,51664641
0.5017,85292,51749933
0.5016,86176,51836109
0.5015,85393,51921502
0.5014,86760,52008262
0.5013,86036,52094298
0.5012,86537,52180835
0.5011,86451,52267286
0.501,87025,52354311
0.5009,87423,52441734
0.5008,86288,52528022
0.5007,87164,52615186
0.5006,86483,52701669
0.5005,87077,52788746
0.5004,87394,52876140
0.5003,86638,52962778
0.5002,87651,53050429
0.5001,87272,53137701
0.5,88381,53226082
0.4999,88255,53314337
0.4998,87778,53402115
0.4997,88087,53490202
0.4996,88353,53578555
0.4995,89579,53668134
0.4994,88681,53756815
0.4993,88456,53845271
0.4992,87495,53932766
0.4991,89093,54021859
0.499,90877,54112736
0.4989,88766,54201502
0.4988,88956,54290458
0.4987,89336,54379794
0.4986,89888,54469682
0.4985,88690,54558372
0.4984,90414,54648786
0.4983,89953,54738739
0.4982,90648,54829387
0.4981,89755,54919142
0.498,90164,55009306
0.4979,90527,55099833
0.4978,90212,55190045
0.4977,90444,55280489
0.4976,90242,55370731
0.4975,90827,55461558
0.4974,91172,55552730
0.4973,90121,55642851
0.4972,91100,55733951
0.4971,91053,55825004
0.497,91828,55916832
0.4969,90754,56007586
0.4968,91571,56099157
0.4967,91895,56191052
0.4966,91482,56282534
0.4965,92583,56375117
0.4964,92151,56467268
0.4963,92222,56559490
0.4962,92843,56652333
0.4961,92218,56744551
0.496,92937,56837488
0.4959,93061,56930549
0.4958,93406,57023955
0.4957,93419,57117374
0.4956,93412,57210786
0.4955,93891,57304677
0.4954,92625,57397302
0.4953,93414,57490716
0.4952,93007,57583723
0.4951,93674,57677397
0.495,94999,57772396
0.4949,94633,57867029
0.4948,94854,57961883
0.4947,94682,58056565
0.4946,94960,58151525
0.4945,95464,58246989
0.4944,95003,58341992
0.4943,95192,58437184
0.4942,95426,58532610
0.4941,95650,58628260
0.494,95089,58723349
0.4939,96348,58819697
0.4938,95664,58915361
0.4937,96083,59011444
0.4936,95680,59107124
0.4935,96691,59203815
0.4934,96336,59300151
0.4933,95444,59395595
0.4932,96084,59491679
0.4931,95594,59587273
0.493,96671,59683944
0.4929,96608,59780552
0.4928,96932,59877484
0.4927,96711,59974195
0.4926,97274,60071469
0.4925,97827,60169296
0.4924,97755,60267051
0.4923,97465,60364516
0.4922,97466,60461982
0.4921,97920,60559902
0.492,97570,60657472
0.4919,97468,60754940
0.4918,98658,60853598
0.4917,98719,60952317
0.4916,98757,61051074
0.4915,98986,61150060
0.4914,98664,61248724
0.4913,99197,61347921
0.4912,98615,61446536
0.4911,99077,61545613
0.491,99579,61645192
0.4909,98668,61743860
0.4908,100002,61843862
0.4907,99784,61943646
0.4906,99783,62043429
0.4905,99382,62142811
0.4904,100918,62243729
0.4903,99775,62343504
0.4902,99970,62443474
0.4901,100742,62544216
0.49,101381,62645597
0.4899,101962,62747559
0.4898,100782,62848341
0.4897,101722,62950063
0.4896,100866,63050929
0.4895,101068,63151997
0.4894,100748,63252745
0.4893,101991,63354736
0.4892,101213,63455949
0.4891,102245,63558194
0.489,102236,63660430
0.4889,101739,63762169
0.4888,103178,63865347
0.4887,101101,63966448
0.4886,102095,64068543
0.4885,102988,64171531
0.4884,102993,64274524
0.4883,103672,64378196
0.4882,102202,64480398
0.4881,103418,64583816
0.488,102945,64686761
0.4879,103509,64790270
0.4878,103422,64893692
0.4877,103411,64997103
0.4876,103121,65100224
0.4875,104662,65204886
0.4874,103501,65308387
0.4873,103467,65411854
0.4872,103976,65515830
0.4871,102784,65618614
0.487,104383,65722997
0.4869,105169,65828166
0.4868,103408,65931574
0.4867,105123,66036697
0.4866,105729,66142426
0.4865,104945,66247371
0.4864,104953,66352324
0.4863,105904,66458228
0.4862,105959,66564187
0.4861,106635,66670822
0.486,106700,66777522
0.4859,105486,66883008
0.4858,106570,66989578
0.4857,106295,67095873
0.4856,106176,67202049
0.4855,106883,67308932
0.4854,106644,67415576
0.4853,107384,67522960
0.4852,106274,67629234
0.4851,106612,67735846
0.485,106721,67842567
0.4849,107317,67949884
0.4848,107833,68057717
0.4847,107091,68164808
0.4846,107976,68272784
0.4845,107421,68380205
0.4844,108533,68488738
0.4843,107869,68596607
0.4842,108191,68704798
0.4841,108569,68813367
0.484,107706,68921073
0.4839,107828,69028901
0.4838,107992,69136893
0.4837,109016,69245909
0.4836,109612,69355521
0.4835,109889,69465410
0.4834,109771,69575181
0.4833,108949,69684130
0.4832,109315,69793445
0.4831,111039,69904484
0.483,110590,70015074
0.4829,109630,70124704
0.4828,110368,70235072
0.4827,110165,70345237
0.4826,110366,70455603
0.4825,111361,70566964
0.4824,111016,70677980
0.4823,111144,70789124
0.4822,111951,70901075
0.4821,110613,71011688
0.482,111546,71123234
0.4819,110042,71233276
0.4818,111160,71344436
0.4817,111515,71455951
0.4816,110977,71566928
0.4815,112042,71678970
0.4814,111250,71790220
0.4813,112761,71902981
0.4812,112908,72015889
0.4811,112502,72128391
0.481,113479,72241870
0.4809,112536,72354406
0.4808,113984,72468390
0.4807,113037,72581427
0.4806,113389,72694816
0.4805,113716,72808532
0.4804,113253,72921785
0.4803,113943,73035728
0.4802,113735,73149463
0.4801,114244,73263707
0.48,114085,73377792
0.4799,114219,73492011
0.4798,114425,73606436
0.4797,113527,73719963
0.4796,113302,73833265
0.4795,115679,73948944
0.4794,115054,74063998
0.4793,115176,74179174
0.4792,114899,74294073
0.4791,116238,74410311
0.479,115506,74525817
0.4789,115050,74640867
0.4788,115994,74756861
0.4787,115890,74872751
0.4786,115154,74987905
0.4785,116610,75104515
0.4784,117200,75221715
0.4783,116806,75338521
0.4782,115675,75454196
0.4781,117052,75571248
0.478,116372,75687620
0.4779,117811,75805431
0.4778,117474,75922905
0.4777,118264,76041169
0.4776,116249,76157418
0.4775,119273,76276691
0.4774,117025,76393716
0.4773,118949,76512665
0.4772,118877,76631542
0.4771,118290,76749832
0.477,118898,76868730
0.4769,118394,76987124
0.4768,117945,77105069
0.4767,118260,77223329
0.4766,118925,77342254
0.4765,119475,77461729
0.4764,118212,77579941
0.4763,119006,77698947
0.4762,120639,77819586
0.4761,120035,77939621
0.476,119417,78059038
0.4759,119669,78178707
0.4758,121012,78299719
0.4757,119556,78419275
0.4756,119845,78539120
0.4755,119872,78658992
0.4754,120879,78779871
0.4753,120511,78900382
0.4752,120404,79020786
0.4751,121895,79142681
0.475,120109,79262790
0.4749,122621,79385411
0.4748,121854,79507265
0.4747,120940,79628205
0.4746,121176,79749381
0.4745,123084,79872465
0.4744,122188,79994653
0.4743,122442,80117095
0.4742,121747,80238842
0.4741,122206,80361048
0.474,121792,80482840
0.4739,123445,80606285
0.4738,122919,80729204
0.4737,123006,80852210
0.4736,121910,80974120
0.4735,123793,81097913
0.4734,123327,81221240
0.4733,124031,81345271
0.4732,123440,81468711
0.4731,124937,81593648
0.473,123345,81716993
0.4729,124754,81841747
0.4728,125284,81967031
0.4727,124204,82091235
0.4726,125779,82217014
0.4725,124004,82341018
0.4724,124588,82465606
0.4723,125820,82591426
0.4722,124310,82715736
0.4721,125282,82841018
0.472,125708,82966726
0.4719,126764,83093490
0.4718,126722,83220212
0.4717,126682,83346894
0.4716,126158,83473052
0.4715,125787,83598839
0.4714,126549,83725388
0.4713,126798,83852186
0.4712,127366,83979552
0.4711,126677,84106229
0.471,127546,84233775
0.4709,127289,84361064
0.4708,127513,84488577
0.4707,127276,84615853
0.4706,128157,84744010
0.4705,127354,84871364
0.4704,128504,84999868
0.4703,128515,85128383
0.4702,127621,85256004
0.4701,128266,85384270
0.47,128655,85512925
0.4699,129840,85642765
0.4698,129996,85772761
0.4697,128852,85901613
0.4696,129934,86031547
0.4695,129252,86160799
0.4694,129288,86290087
0.4693,129173,86419260
0.4692,131070,86550330
0.4691,130339,86680669
0.469,129597,86810266
0.4689,130919,86941185
0.4688,130265,87071450
0.4687,130466,87201916
0.4686,130317,87332233
0.4685,131352,87463585
0.4684,130838,87594423
0.4683,130167,87724590
0.4682,132168,87856758
0.4681,130697,87987455
0.468,130473,88117928
0.4679,130359,88248287
0.4678,132930,88381217
0.4677,132590,88513807
0.4676,131907,88645714
0.4675,132290,88778004
0.4674,131558,88909562
0.4673,133378,89042940
0.4672,133745,89176685
0.4671,132002,89308687
0.467,132308,89440995
0.4669,133057,89574052
0.4668,133676,89707728
0.4667,133523,89841251
0.4666,134157,89975408
0.4665,133920,90109328
0.4664,133629,90242957
0.4663,134077,90377034
0.4662,134362,90511396
0.4661,135174,90646570
0.466,133753,90780323
0.4659,135396,90915719
0.4658,135740,91051459
0.4657,135348,91186807
0.4656,135646,91322453
0.4655,136649,91459102
0.4654,136276,91595378
0.4653,135769,91731147
0.4652,134517,91865664
0.4651,136208,92001872
0.465,136423,92138295
0.4649,135600,92273895
0.4648,136698,92410593
0.4647,136621,92547214
0.4646,137898,92685112
0.4645,137096,92822208
0.4644,136574,92958782
0.4643,138206,93096988
0.4642,137850,93234838
0.4641,137525,93372363
0.464,138672,93511035
0.4639,138246,93649281
0.4638,139010,93788291
0.4637,138659,93926950
0.4636,138329,94065279
0.4635,138299,94203578
0.4634,139270,94342848
0.4633,139730,94482578
0.4632,138668,94621246
0.4631,138845,94760091
0.463,139834,94899925
0.4629,139403,95039328
0.4628,139690,95179018
0.4627,140068,95319086
0.4626,141171,95460257
0.4625,140148,95600405
0.4624,140262,95740667
0.4623,138806,95879473
0.4622,140771,96020244
0.4621,139925,96160169
0.462,140833,96301002
0.4619,140612,96441614
0.4618,140892,96582506
0.4617,141887,96724393
0.4616,141880,96866273
0.4615,142225,97008498
0.4614,143051,97151549
0.4613,141633,97293182
0.4612,142574,97435756
0.4611,142224,97577980
0.461,141646,97719626
0.4609,144225,97863851
0.4608,143115,98006966
0.4607,142146,98149112
0.4606,142614,98291726
0.4605,143458,98435184
0.4604,143167,98578351
0.4603,144761,98723112
0.4602,143880,98866992
0.4601,143374,99010366
0.46,144663,99155029
0.4599,144534,99299563
0.4598,144085,99443648
0.4597,144067,99587715
0.4596,145599,99733314
0.4595,144938,99878252
0.4594,145768,100024020
0.4593,145425,100169445
0.4592,144482,100313927
0.4591,144913,100458840
0.459,146167,100605007
0.4589,145164,100750171
0.4588,146141,100896312
0.4587,147459,101043771
0.4586,144963,101188734
0.4585,146542,101335276
0.4584,146069,101481345
0.4583,146521,101627866
0.4582,146895,101774761
0.4581,146865,101921626
0.458,148080,102069706
0.4579,147354,102217060
0.4578,147250,102364310
0.4577,147025,102511335
0.4576,148227,102659562
0.4575,146652,102806214
0.4574,148615,102954829
0.4573,148675,103103504
0.4572,149251,103252755
0.4571,149462,103402217
0.457,148832,103551049
0.4569,149151,103700200
0.4568,149170,103849370
0.4567,149080,103998450
0.4566,149498,104147948
0.4565,149829,104297777
0.4564,149272,104447049
0.4563,150973,104598022
0.4562,149843,104747865
0.4561,152282,104900147
0.456,149653,105049800
0.4559,150695,105200495
0.4558,150203,105350698
0.4557,149790,105500488
0.4556,151256,105651744
0.4555,150121,105801865
0.4554,151641,105953506
0.4553,152387,106105893
0.4552,153051,106258944
0.4551,152306,106411250
0.455,151959,106563209
0.4549,152472,106715681
0.4548,152928,106868609
0.4547,151943,107020552
0.4546,152957,107173509
0.4545,153471,107326980
0.4544,153267,107480247
0.4543,153727,107633974
0.4542,154274,107788248
0.4541,154723,107942971
0.454,154094,108097065
0.4539,152776,108249841
0.4538,154186,108404027
0.4537,154685,108558712
0.4536,155609,108714321
0.4535,153732,108868053
0.4534,154031,109022084
0.4533,155227,109177311
0.4532,155802,109333113
0.4531,154430,109487543
0.453,155277,109642820
0.4529,156471,109799291
0.4528,156211,109955502
0.4527,155982,110111484
0.4526,156166,110267650
0.4525,156419,110424069
0.4524,156206,110580275
0.4523,156192,110736467
0.4522,156832,110893299
0.4521,156454,111049753
0.452,157287,111207040
0.4519,156774,111363814
0.4518,158584,111522398
0.4517,158460,111680858
0.4516,157084,111837942
0.4515,158648,111996590
0.4514,158765,112155355
0.4513,157842,112313197
0.4512,157433,112470630
0.4511,158563,112629193
0.451,159040,112788233
0.4509,158036,112946269
0.4508,160874,113107143
0.4507,158733,113265876
0.4506,159523,113425399
0.4505,159202,113584601
0.4504,158793,113743394
0.4503,159505,113902899
0.4502,159161,114062060
0.4501,159525,114221585
0.45,159675,114381260
0.4499,160336,114541596
0.4498,160545,114702141
0.4497,161100,114863241
0.4496,161566,115024807
0.4495,160391,115185198
0.4494,160768,115345966
0.4493,161654,115507620
0.4492,161013,115668633
0.4491,161091,115829724
0.449,162467,115992191
0.4489,161855,116154046
0.4488,161437,116315483
0.4487,162789,116478272
0.4486,161719,116639991
0.4485,163253,116803244
0.4484,162055,116965299
0.4483,163584,117128883
0.4482,161869,117290752
0.4481,162623,117453375
0.448,163242,117616617
0.4479,162526,117779143
0.4478,164985,117944128
0.4477,162978,118107106
0.4476,164195,118271301
0.4475,163933,118435234
0.4474,164766,118600000
0.4473,165545,118765545
0.4472,164361,118929906
0.4471,164612,119094518
0.447,166481,119260999
0.4469,166146,119427145
0.4468,164025,119591170
0.4467,165795,119756965
0.4466,165781,119922746
0.4465,166524,120089270
0.4464,165941,120255211
0.4463,166318,120421529
0.4462,166533,120588062
0.4461,167695,120755757
0.446,166044,120921801
0.4459,166020,121087821
0.4458,166357,121254178
0.4457,166867,121421045
0.4456,166402,121587447
0.4455,168387,121755834
0.4454,166433,121922267
0.4453,167706,122089973
0.4452,167913,122257886
0.4451,168265,122426151
0.445,168604,122594755
0.4449,168291,122763046
0.4448,168662,122931708
0.4447,167121,123098829
0.4446,170880,123269709
0.4445,169803,123439512
0.4444,170125,123609637
0.4443,169453,123779090
0.4442,169636,123948726
0.4441,170613,124119339
0.444,169999,124289338
0.4439,170149,124459487
0.4438,170317,124629804
0.4437,169836,124799640
0.4436,170135,124969775
0.4435,170962,125140737
0.4434,170420,125311157
0.4433,171518,125482675
0.4432,171740,125654415
0.4431,171773,125826188
0.443,171888,125998076
0.4429,171827,126169903
0.4428,171891,126341794
0.4427,172262,126514056
0.4426,171350,126685406
0.4425,173438,126858844
0.4424,171757,127030601
0.4423,173721,127204322
0.4422,172853,127377175
0.4421,172530,127549705
0.442,173882,127723587
0.4419,173527,127897114
0.4418,174225,128071339
0.4417,172870,128244209
0.4416,174920,128419129
0.4415,174462,128593591
0.4414,174110,128767701
0.4413,175225,128942926
0.4412,173475,129116401
0.4411,175377,129291778
0.441,174744,129466522
0.4409,175125,129641647
0.4408,174355,129816002
0.4407,175064,129991066
0.4406,174964,130166030
0.4405,175407,130341437
0.4404,177114,130518551
0.4403,176264,130694815
0.4402,175687,130870502
0.4401,176397,131046899
0.44,176472,131223371
0.4399,177733,131401104
0.4398,178171,131579275
0.4397,177634,131756909
0.4396,177743,131934652
0.4395,178084,132112736
0.4394,176305,132289041
0.4393,178417,132467458
0.4392,179290,132646748
0.4391,177502,132824250
0.439,178728,133002978
0.4389,177759,133180737
0.4388,178265,133359002
0.4387,179752,133538754
0.4386,179488,133718242
0.4385,180472,133898714
0.4384,179009,134077723
0.4383,179785,134257508
0.4382,179375,134436883
0.4381,180263,134617146
0.438,181381,134798527
0.4379,181483,134980010
0.4378,180556,135160566
0.4377,179587,135340153
0.4376,181488,135521641
0.4375,180558,135702199
0.4374,180739,135882938
0.4373,181065,136064003
0.4372,180966,136244969
0.4371,180699,136425668
0.437,182018,136607686
0.4369,182410,136790096
0.4368,181616,136971712
0.4367,181535,137153247
0.4366,182750,137335997
0.4365,181590,137517587
0.4364,183329,137700916
0.4363,183580,137884496
0.4362,183510,138068006
0.4361,181320,138249326
0.436,183601,138432927
0.4359,182650,138615577
0.4358,184164,138799741
0.4357,184459,138984200
0.4356,183706,139167906
0.4355,182641,139350547
0.4354,184801,139535348
0.4353,184515,139719863
0.4352,184809,139904672
0.4351,185447,140090119
0.435,183956,140274075
0.4349,185294,140459369
0.4348,186112,140645481
0.4347,185870,140831351
0.4346,185351,141016702
0.4345,185366,141202068
0.4344,187598,141389666
0.4343,185153,141574819
0.4342,185662,141760481
0.4341,186918,141947399
0.434,186521,142133920
0.4339,187507,142321427
0.4338,188114,142509541
0.4337,187030,142696571
0.4336,186615,142883186
0.4335,188205,143071391
0.4334,189393,143260784
0.4333,187264,143448048
0.4332,187435,143635483
0.4331,187326,143822809
0.433,187684,144010493
0.4329,187758,144198251
0.4328,189641,144387892
0.4327,189884,144577776
0.4326,189669,144767445
0.4325,189149,144956594
0.4324,189267,145145861
0.4323,189218,145335079
0.4322,189275,145524354
0.4321,190381,145714735
0.432,190036,145904771
0.4319,190282,146095053
0.4318,189646,146284699
0.4317,190521,146475220
0.4316,190568,146665788
0.4315,189123,146854911
0.4314,190625,147045536
0.4313,191341,147236877
0.4312,191593,147428470
0.4311,190823,147619293
0.431,189660,147808953
0.4309,192887,148001840
0.4308,193166,148195006
0.4307,191599,148386605
0.4306,191102,148577707
0.4305,191771,148769478
0.4304,194288,148963766
0.4303,193286,149157052
0.4302,192112,149349164
0.4301,193149,149542313
0.43,192550,149734863
0.4299,195081,149929944
0.4298,193763,150123707
0.4297,192996,150316703
0.4296,194247,150510950
0.4295,194627,150705577
0.4294,195148,150900725
0.4293,194336,151095061
0.4292,196443,151291504
0.4291,196633,151488137
0.429,193900,151682037
0.4289,195790,151877827
0.4288,194367,152072194
0.4287,197045,152269239
0.4286,195266,152464505
0.4285,197332,152661837
0.4284,196837,152858674
0.4283,197638,153056312
0.4282,196407,153252719
0.4281,196620,153449339
0.428,196422,153645761
0.4279,198098,153843859
0.4278,198245,154042104
0.4277,197929,154240033
0.4276,196393,154436426
0.4275,198551,154634977
0.4274,197574,154832551
0.4273,196467,155029018
0.4272,198038,155227056
0.4271,198356,155425412
0.427,197690,155623102
0.4269,199180,155822282
0.4268,198689,156020971
0.4267,198939,156219910
0.4266,200182,156420092
0.4265,199660,156619752
0.4264,201155,156820907
0.4263,199837,157020744
0.4262,199045,157219789
0.4261,201045,157420834
0.426,201652,157622486
0.4259,201138,157823624
0.4258,200320,158023944
0.4257,202121,158226065
0.4256,201956,158428021
0.4255,200818,158628839
0.4254,202031,158830870
0.4253,202556,159033426
0.4252,202070,159235496
0.4251,203260,159438756
0.425,201995,159640751
0.4249,201642,159842393
0.4248,201648,160044041
0.4247,203445,160247486
0.4246,202059,160449545
0.4245,203254,160652799
0.4244,203843,160856642
0.4243,203082,161059724
0.4242,202835,161262559
0.4241,203510,161466069
0.424,204127,161670196
0.4239,204430,161874626
0.4238,204296,162078922
0.4237,204396,162283318
0.4236,206559,162489877
0.4235,204534,162694411
0.4234,204956,162899367
0.4233,204880,163104247
0.4232,206936,163311183
0.4231,204458,163515641
0.423,203984,163719625
0.4229,204954,163924579
0.4228,205725,164130304
0.4227,204676,164334980
0.4226,206348,164541328
0.4225,205705,164747033
0.4224,205891,164952924
0.4223,207871,165160795
0.4222,206667,165367462
0.4221,206459,165573921
0.422,206536,165780457
0.4219,207230,165987687
0.4218,207702,166195389
0.4217,207167,166402556
0.4216,207417,166609973
0.4215,207474,166817447
0.4214,209084,167026531
0.4213,207604,167234135
0.4212,209914,167444049
0.4211,209445,167653494
0.421,209097,167862591
0.4209,208617,168071208
0.4208,207712,168278920
0.4207,210931,168489851
0.4206,210228,168700079
0.4205,209560,168909639
0.4204,209413,169119052
0.4203,210457,169329509
0.4202,210807,169540316
0.4201,210884,169751200
0.42,210159,169961359
0.4199,210123,170171482
0.4198,211188,170382670
0.4197,209658,170592328
0.4196,211608,170803936
0.4195,210950,171014886
0.4194,212484,171227370
0.4193,212490,171439860
0.4192,211946,171651806
0.4191,212621,171864427
0.419,211678,172076105
0.4189,212077,172288182
0.4188,212306,172500488
0.4187,212570,172713058
0.4186,212921,172925979
0.4185,213277,173139256
0.4184,212636,173351892
0.4183,213203,173565095
0.4182,213211,173778306
0.4181,212808,173991114
0.418,214800,174205914
0.4179,214705,174420619
0.4178,214568,174635187
0.4177,213987,174849174
0.4176,213546,175062720
0.4175,214926,175277646
0.4174,214727,175492373
0.4173,215151,175707524
0.4172,216493,175924017
0.4171,215199,176139216
0.417,215851,176355067
0.4169,214843,176569910
0.4168,216237,176786147
0.4167,217062,177003209
0.4166,215682,177218891
0.4165,215631,177434522
0.4164,214848,177649370
0.4163,215188,177864558
0.4162,217419,178081977
0.4161,218610,178300587
0.416,215994,178516581
0.4159,217736,178734317
0.4158,217321,178951638
0.4157,216868,179168506
0.4156,219248,179387754
0.4155,218777,179606531
0.4154,218086,179824617
0.4153,218211,180042828
0.4152,219789,180262617
0.4151,218641,180481258
0.415,220004,180701262
0.4149,218467,180919729
0.4148,220551,181140280
0.4147,218785,181359065
0.4146,220375,181579440
0.4145,219562,181799002
0.4144,220621,182019623
0.4143,219318,182238941
0.4142,220558,182459499
0.4141,220568,182680067
0.414,219640,182899707
0.4139,221059,183120766
0.4138,221122,183341888
0.4137,220008,183561896
0.4136,221748,183783644
0.4135,219828,184003472
0.4134,220614,184224086
0.4133,222029,184446115
0.4132,222934,184669049
0.4131,222620,184891669
0.413,222365,185114034
0.4129,222430,185336464
0.4128,222933,185559397
0.4127,222716,185782113
0.4126,221551,186003664
0.4125,223494,186227158
0.4124,223629,186450787
0.4123,224458,186675245
0.4122,223605,186898850
0.4121,223469,187122319
0.412,225055,187347374
0.4119,223704,187571078
0.4118,223791,187794869
0.4117,223944,188018813
0.4116,224501,188243314
0.4115,224301,188467615
0.4114,226568,188694183
0.4113,224811,188918994
0.4112,225183,189144177
0.4111,224970,189369147
0.411,224343,189593490
0.4109,225788,189819278
0.4108,226203,190045481
0.4107,225871,190271352
0.4106,226340,190497692
0.4105,225545,190723237
0.4104,225502,190948739
0.4103,224989,191173728
0.4102,226194,191399922
0.4101,227284,191627206
0.41,226020,191853226
0.4099,227555,192080781
0.4098,227669,192308450
0.4097,227184,192535634
0.4096,227263,192762897
0.4095,228244,192991141
0.4094,228262,193219403
0.4093,229133,193448536
0.4092,229393,193677929
0.4091,229532,193907461
0.409,228401,194135862
0.4089,228991,194364853
0.4088,229140,194593993
0.4087,229747,194823740
0.4086,228343,195052083
0.4085,229892,195281975
0.4084,229087,195511062
0.4083,230371,195741433
0.4082,229821,195971254
0.4081,230050,196201304
0.408,230350,196431654
0.4079,231505,196663159
0.4078,230325,196893484
0.4077,231100,197124584
0.4076,232515,197357099
0.4075,230316,197587415
0.4074,231991,197819406
0.4073,231899,198051305
0.4072,231308,198282613
0.4071,233502,198516115
0.407,232442,198748557
0.4069,231698,198980255
0.4068,234511,199214766
0.4067,233527,199448293
0.4066,231895,199680188
0.4065,232748,199912936
0.4064,232290,200145226
0.4063,230989,200376215
0.4062,233503,200609718
0.4061,232211,200841929
0.406,234963,201076892
0.4059,233283,201310175
0.4058,233088,201543263
0.4057,234041,201777304
0.4056,234004,202011308
0.4055,235341,202246649
0.4054,234524,202481173
0.4053,235579,202716752
0.4052,234009,202950761
0.4051,234941,203185702
0.405,234978,203420680
0.4049,237168,203657848
0.4048,234889,203892737
0.4047,235691,204128428
0.4046,235202,204363630
0.4045,237387,204601017
0.4044,235387,204836404
0.4043,236412,205072816
0.4042,235606,205308422
0.4041,235395,205543817
0.404,237082,205780899
0.4039,235697,206016596
0.4038,237057,206253653
0.4037,237122,206490775
0.4036,237733,206728508
0.4035,236780,206965288
0.4034,236518,207201806
0.4033,239038,207440844
0.4032,237441,207678285
0.4031,237918,207916203
0.403,238110,208154313
0.4029,240825,208395138
0.4028,238376,208633514
0.4027,238658,208872172
0.4026,239229,209111401
0.4025,238930,209350331
0.4024,238584,209588915
0.4023,240187,209829102
0.4022,239224,210068326
0.4021,239802,210308128
0.402,240386,210548514
0.4019,240025,210788539
0.4018,239575,211028114
0.4017,243386,211271500
0.4016,241061,211512561
0.4015,241127,211753688
0.4014,241405,211995093
0.4013,241388,212236481
0.4012,240157,212476638
0.4011,244131,212720769
0.401,241270,212962039
0.4009,240447,213202486
0.4008,240883,213443369
0.4007,240503,213683872
0.4006,242519,213926391
0.4005,243355,214169746
0.4004,242992,214412738
0.4003,242764,214655502
0.4002,242208,214897710
0.4001,244120,215141830
0.4,242477,215384307
0.3999,242984,215627291
0.3998,244088,215871379
0.3997,244223,216115602
0.3996,244667,216360269
0.3995,243875,216604144
0.3994,245622,216849766
0.3993,244104,217093870
0.3992,244357,217338227
0.3991,245636,217583863
0.399,244068,217827931
0.3989,245942,218073873
0.3988,245312,218319185
0.3987,245974,218565159
0.3986,245417,218810576
0.3985,245383,219055959
0.3984,245238,219301197
0.3983,245687,219546884
0.3982,246323,219793207
0.3981,246868,220040075
0.398,246417,220286492
0.3979,246538,220533030
0.3978,244954,220777984
0.3977,245224,221023208
0.3976,245699,221268907
0.3975,246655,221515562
0.3974,246265,221761827
0.3973,246411,222008238
0.3972,248319,222256557
0.3971,247301,222503858
0.397,246621,222750479
0.3969,248669,222999148
0.3968,247210,223246358
0.3967,248015,223494373
0.3966,248225,223742598
0.3965,248134,223990732
0.3964,248208,224238940
0.3963,250056,224488996
0.3962,248648,224737644
0.3961,248910,224986554
0.396,249810,225236364
0.3959,249114,225485478
0.3958,247852,225733330
0.3957,248956,225982286
0.3956,249453,226231739
0.3955,250263,226482002
0.3954,248567,226730569
0.3953,247999,226978568
0.3952,250589,227229157
0.3951,249844,227479001
0.395,252103,227731104
0.3949,248291,227979395
0.3948,250219,228229614
0.3947,252327,228481941
0.3946,250827,228732768
0.3945,250856,228983624
0.3944,252360,229235984
0.3943,252739,229488723
0.3942,252662,229741385
0.3941,251777,229993162
0.394,251046,230244208
0.3939,252342,230496550
0.3938,252347,230748897
0.3937,251970,231000867
0.3936,254436,231255303
0.3935,253677,231508980
0.3934,251680,231760660
0.3933,253233,232013893
0.3932,255715,232269608
0.3931,254173,232523781
0.393,253189,232776970
0.3929,252604,233029574
0.3928,254568,233284142
0.3927,255088,233539230
0.3926,251651,233790881
0.3925,254720,234045601
0.3924,254445,234300046
0.3923,254625,234554671
0.3922,255125,234809796
0.3921,254447,235064243
0.392,254244,235318487
0.3919,254814,235573301
0.3918,255642,235828943
0.3917,256579,236085522
0.3916,256444,236341966
0.3915,256766,236598732
0.3914,255437,236854169
0.3913,256694,237110863
0.3912,256198,237367061
0.3911,258709,237625770
0.391,256464,237882234
0.3909,255456,238137690
0.3908,256129,238393819
0.3907,256684,238650503
0.3906,255911,238906414
0.3905,257427,239163841
0.3904,257683,239421524
0.3903,257657,239679181
0.3902,259056,239938237
0.3901,257903,240196140
0.39,257621,240453761
0.3899,257976,240711737
0.3898,257928,240969665
0.3897,258108,241227773
0.3896,259129,241486902
0.3895,258074,241744976
0.3894,257867,242002843
0.3893,258485,242261328
0.3892,258043,242519371
0.3891,257967,242777338
0.389,260250,243037588
0.3889,258871,243296459
0.3888,260206,243556665
0.3887,259264,243815929
0.3886,258804,244074733
0.3885,260185,244334918
0.3884,261273,244596191
0.3883,258861,244855052
0.3882,260141,245115193
0.3881,260048,245375241
0.388,261581,245636822
0.3879,259991,245896813
0.3878,260666,246157479
0.3877,260710,246418189
0.3876,260896,246679085
0.3875,260406,246939491
0.3874,260491,247199982
0.3873,262978,247462960
0.3872,261104,247724064
0.3871,262247,247986311
0.387,263458,248249769
0.3869,262317,248512086
0.3868,261557,248773643
0.3867,262808,249036451
0.3866,261843,249298294
0.3865,262198,249560492
0.3864,264130,249824622
0.3863,263967,250088589
0.3862,262598,250351187
0.3861,262949,250614136
0.386,263442,250877578
0.3859,264048,251141626
0.3858,264479,251406105
0.3857,264340,251670445
0.3856,263906,251934351
0.3855,263856,252198207
0.3854,264614,252462821
0.3853,263033,252725854
0.3852,264066,252989920
0.3851,265843,253255763
0.385,264288,253520051
0.3849,265464,253785515
0.3848,263213,254048728
0.3847,266566,254315294
0.3846,266175,254581469
0.3845,266652,254848121
0.3844,265674,255113795
0.3843,265757,255379552
0.3842,264865,255644417
0.3841,265266,255909683
0.384,267312,256176995
0.3839,267024,256444019
0.3838,265017,256709036
0.3837,264490,256973526
0.3836,267552,257241078
0.3835,266003,257507081
0.3834,266324,257773405
0.3833,267081,258040486
0.3832,265985,258306471
0.3831,267091,258573562
0.383,266927,258840489
0.3829,268698,259109187
0.3828,267493,259376680
0.3827,267322,259644002
0.3826,268385,259912387
0.3825,266379,260178766
0.3824,268312,260447078
0.3823,266352,260713430
0.3822,267503,260980933
0.3821,268937,261249870
0.382,268283,261518153
0.3819,269341,261787494
0.3818,268959,262056453
0.3817,267395,262323848
0.3816,270116,262593964
0.3815,269198,262863162
0.3814,269977,263133139
0.3813,271459,263404598
0.3812,270742,263675340
0.3811,269662,263945002
0.381,270495,264215497
0.3809,270129,264485626
0.3808,270360,264755986
0.3807,271368,265027354
0.3806,271246,265298600
0.3805,272754,265571354
0.3804,272122,265843476
0.3803,270441,266113917
0.3802,271387,266385304
0.3801,272644,266657948
0.38,271700,266929648
0.3799,272235,267201883
0.3798,271212,267473095
0.3797,272282,267745377
0.3796,272184,268017561
0.3795,271636,268289197
0.3794,270704,268559901
0.3793,273178,268833079
0.3792,272989,269106068
0.3791,271750,269377818
0.379,273124,269650942
0.3789,272640,269923582
0.3788,271356,270194938
0.3787,273200,270468138
0.3786,273021,270741159
0.3785,273055,271014214
0.3784,272961,271287175
0.3783,273024,271560199
0.3782,273638,271833837
0.3781,274800,272108637
0.378,274076,272382713
0.3779,273255,272655968
0.3778,272845,272928813
0.3777,274551,273203364
0.3776,273677,273477041
0.3775,275146,273752187
0.3774,273649,274025836
0.3773,273985,274299821
0.3772,275117,274574938
0.3771,275734,274850672
0.377,275723,275126395
0.3769,276352,275402747
0.3768,276752,275679499
0.3767,275816,275955315
0.3766,274966,276230281
0.3765,276945,276507226
0.3764,276252,276783478
0.3763,276584,277060062
0.3762,275429,277335491
0.3761,274255,277609746
0.376,274494,277884240
0.3759,276857,278161097
0.3758,276027,278437124
0.3757,277985,278715109
0.3756,276007,278991116
0.3755,276878,279267994
0.3754,276618,279544612
0.3753,277477,279822089
0.3752,275657,280097746
0.3751,277403,280375149
0.375,278485,280653634
0.3749,278224,280931858
0.3748,278188,281210046
0.3747,280843,281490889
0.3746,278566,281769455
0.3745,277129,282046584
0.3744,277428,282324012
0.3743,278560,282602572
0.3742,280302,282882874
0.3741,280888,283163762
0.374,279008,283442770
0.3739,279120,283721890
0.3738,277914,283999804
0.3737,278585,284278389
0.3736,278185,284556574
0.3735,280342,284836916
0.3734,281927,285118843
0.3733,287679,285406522
0.3732,280701,285687223
0.3731,280878,285968101
0.373,278500,286246601
0.3729,279399,286526000
0.3728,280506,286806506
0.3727,279170,287085676
0.3726,280467,287366143
0.3725,283157,287649300
0.3724,281551,287930851
0.3723,281503,288212354
0.3722,282445,288494799
0.3721,280992,288775791
0.372,280392,289056183
0.3719,282402,289338585
0.3718,281911,289620496
0.3717,282309,289902805
0.3716,281743,290184548
0.3715,283755,290468303
0.3714,282275,290750578
0.3713,281894,291032472
0.3712,282280,291314752
0.3711,282498,291597250
0.371,282294,291879544
0.3709,283136,292162680
0.3708,282165,292444845
0.3707,283490,292728335
0.3706,281677,293010012
0.3705,283768,293293780
0.3704,284619,293578399
0.3703,283938,293862337
0.3702,283182,294145519
0.3701,282652,294428171
0.37,280850,294709021
0.3699,282540,294991561
0.3698,284470,295276031
0.3697,283505,295559536
0.3696,284219,295843755
0.3695,283639,296127394
0.3694,283404,296410798
0.3693,283854,296694652
0.3692,284268,296978920
0.3691,284545,297263465
0.369,284168,297547633
0.3689,283609,297831242
0.3688,284008,298115250
0.3687,284191,298399441
0.3686,283786,298683227
0.3685,285407,298968634
0.3684,284888,299253522
0.3683,285086,299538608
0.3682,285772,299824380
0.3681,285996,300110376
0.368,287165,300397541
0.3679,284681,300682222
0.3678,286253,300968475
0.3677,287497,301255972
0.3676,286255,301542227
0.3675,285895,301828122
0.3674,286643,302114765
0.3673,285173,302399938
0.3672,286608,302686546
0.3671,287233,302973779
0.367,286190,303259969
0.3669,288361,303548330
0.3668,286736,303835066
0.3667,288242,304123308
0.3666,288850,304412158
0.3665,286181,304698339
0.3664,288251,304986590
0.3663,286547,305273137
0.3662,287836,305560973
0.3661,287434,305848407
0.366,287422,306135829
0.3659,288800,306424629
0.3658,288912,306713541
0.3657,289328,307002869
0.3656,287953,307290822
0.3655,286817,307577639
0.3654,290669,307868308
0.3653,287420,308155728
0.3652,287424,308443152
0.3651,289079,308732231
0.365,289842,309022073
0.3649,289472,309311545
0.3648,289253,309600798
0.3647,287791,309888589
0.3646,290376,310178965
0.3645,292421,310471386
0.3644,288236,310759622
0.3643,1345486,312105108
0.3642,288682,312393790
0.3641,290926,312684716
0.364,290097,312974813
0.3639,289227,313264040
0.3638,289269,313553309
0.3637,294049,313847358
0.3636,292102,314139460
0.3635,290815,314430275
0.3634,290990,314721265
0.3633,291216,315012481
0.3632,292166,315304647
0.3631,291154,315595801
0.363,290761,315886562
0.3629,289896,316176458
0.3628,291019,316467477
0.3627,290814,316758291
0.3626,291082,317049373
0.3625,290394,317339767
0.3624,290806,317630573
0.3623,295809,317926382
0.3622,289453,318215835
0.3621,300330,318516165
0.362,292779,318808944
0.3619,290813,319099757
0.3618,291559,319391316
0.3617,292298,319683614
0.3616,292834,319976448
0.3615,292312,320268760
0.3614,292930,320561690
0.3613,292289,320853979
0.3612,292528,321146507
0.3611,291958,321438465
0.361,292510,321730975
0.3609,292636,322023611
0.3608,292419,322316030
0.3607,293800,322609830
0.3606,291704,322901534
0.3605,292100,323193634
0.3604,292015,323485649
0.3603,294197,323779846
0.3602,292584,324072430
0.3601,292119,324364549
0.36,293720,324658269
0.3599,295096,324953365
0.3598,293419,325246784
0.3597,291910,325538694
0.3596,293756,325832450
0.3595,293818,326126268
0.3594,294419,326420687
0.3593,293259,326713946
0.3592,292827,327006773
0.3591,295657,327302430
0.359,295131,327597561
0.3589,294832,327892393
0.3588,294723,328187116
0.3587,292468,328479584
0.3586,294073,328773657
0.3585,293072,329066729
0.3584,294587,329361316
0.3583,295438,329656754
0.3582,293971,329950725
0.3581,294707,330245432
0.358,294341,330539773
0.3579,294783,330834556
0.3578,294864,331129420
0.3577,294942,331424362
0.3576,295300,331719662
0.3575,295275,332014937
0.3574,296180,332311117
0.3573,295983,332607100
0.3572,295107,332902207
0.3571,294738,333196945
0.357,296241,333493186
0.3569,295347,333788533
0.3568,296347,334084880
0.3567,293600,334378480
0.3566,294195,334672675
0.3565,294844,334967519
0.3564,295091,335262610
0.3563,294598,335557208
0.3562,296290,335853498
0.3561,295968,336149466
0.356,294674,336444140
0.3559,296044,336740184
0.3558,295625,337035809
0.3557,295660,337331469
0.3556,297618,337629087
0.3555,297496,337926583
0.3554,297151,338223734
0.3553,297486,338521220
0.3552,295412,338816632
0.3551,295938,339112570
0.355,297055,339409625
0.3549,296187,339705812
0.3548,297847,340003659
0.3547,295845,340299504
0.3546,296850,340596354
0.3545,296262,340892616
0.3544,298264,341190880
0.3543,297341,341488221
0.3542,298080,341786301
0.3541,298227,342084528
0.354,296351,342380879
0.3539,297789,342678668
0.3538,298868,342977536
0.3537,299010,343276546
0.3536,297822,343574368
0.3535,299116,343873484
0.3534,298191,344171675
0.3533,297803,344469478
0.3532,298982,344768460
0.3531,298758,345067218
0.353,297607,345364825
0.3529,300556,345665381
0.3528,298347,345963728
0.3527,297484,346261212
0.3526,301499,346562711
0.3525,298489,346861200
0.3524,298364,347159564
0.3523,297651,347457215
0.3522,297361,347754576
0.3521,298590,348053166
0.352,298467,348351633
0.3519,298693,348650326
0.3518,300448,348950774
0.3517,297697,349248471
0.3516,299909,349548380
0.3515,298161,349846541
0.3514,297042,350143583
0.3513,300792,350444375
0.3512,300900,350745275
0.3511,299884,351045159
0.351,301167,351346326
0.3509,299796,351646122
0.3508,301316,351947438
0.3507,299592,352247030
0.3506,300478,352547508
0.3505,298789,352846297
0.3504,298982,353145279
0.3503,301230,353446509
0.3502,300585,353747094
0.3501,300869,354047963
0.35,300177,354348140
0.3499,300727,354648867
0.3498,300892,354949759
0.3497,301165,355250924
0.3496,300125,355551049
0.3495,300227,355851276
0.3494,299369,356150645
0.3493,301222,356451867
0.3492,301632,356753499
0.3491,300276,357053775
0.349,300469,357354244
0.3489,302437,357656681
0.3488,302875,357959556
0.3487,301502,358261058
0.3486,300138,358561196
0.3485,303361,358864557
0.3484,302392,359166949
0.3483,300402,359467351
0.3482,302291,359769642
0.3481,303037,360072679
0.348,300371,360373050
0.3479,301108,360674158
0.3478,300326,360974484
0.3477,302395,361276879
0.3476,302198,361579077
0.3475,300693,361879770
0.3474,302206,362181976
0.3473,302183,362484159
0.3472,300757,362784916
0.3471,300577,363085493
0.347,301294,363386787
0.3469,301857,363688644
0.3468,302172,363990816
0.3467,302448,364293264
0.3466,303458,364596722
0.3465,301904,364898626
0.3464,300625,365199251
0.3463,305435,365504686
0.3462,300964,365805650
0.3461,302136,366107786
0.346,302429,366410215
0.3459,300837,366711052
0.3458,303727,367014779
0.3457,300763,367315542
0.3456,301620,367617162
0.3455,302076,367919238
0.3454,301899,368221137
0.3453,302756,368523893
0.3452,302909,368826802
0.3451,302287,369129089
0.345,301660,369430749
0.3449,300496,369731245
0.3448,305007,370036252
0.3447,300907,370337159
0.3446,302030,370639189
0.3445,301852,370941041
0.3444,301448,371242489
0.3443,302971,371545460
0.3442,302284,371847744
0.3441,303667,372151411
0.344,303253,372454664
0.3439,303967,372758631
0.3438,302657,373061288
0.3437,303841,373365129
0.3436,302870,373667999
0.3435,303399,373971398
0.3434,303341,374274739
0.3433,303061,374577800
0.3432,304289,374882089
0.3431,303270,375185359
0.343,303623,375488982
0.3429,302586,375791568
0.3428,304692,376096260
0.3427,303293,376399553
0.3426,303878,376703431
0.3425,304642,377008073
0.3424,305241,377313314
0.3423,304178,377617492
0.3422,304503,377921995
0.3421,304268,378226263
0.342,303387,378529650
0.3419,304538,378834188
0.3418,304381,379138569
0.3417,304411,379442980
0.3416,305153,379748133
0.3415,307200,380055333
0.3414,304827,380360160
0.3413,305773,380665933
0.3412,303416,380969349
0.3411,304687,381274036
0.341,304504,381578540
0.3409,302594,381881134
0.3408,306600,382187734
0.3407,303526,382491260
0.3406,303291,382794551
0.3405,304090,383098641
0.3404,303657,383402298
0.3403,304976,383707274
0.3402,308223,384015497
0.3401,303790,384319287
0.34,304722,384624009
0.3399,309349,384933358
0.3398,304576,385237934
0.3397,304446,385542380
0.3396,329508,385871888
0.3395,305377,386177265
0.3394,304548,386481813
0.3393,338716,386820529
0.3392,303793,387124322
0.3391,304514,387428836
0.339,309722,387738558
0.3389,304495,388043053
0.3388,305200,388348253
0.3387,307865,388656118
0.3386,305536,388961654
0.3385,304408,389266062
0.3384,303816,389569878
0.3383,306415,389876293
0.3382,305322,390181615
0.3381,306551,390488166
0.338,305442,390793608
0.3379,304455,391098063
0.3378,305840,391403903
0.3377,307082,391710985
0.3376,304603,392015588
0.3375,305317,392320905
0.3374,305486,392626391
0.3373,304600,392930991
0.3372,305539,393236530
0.3371,305279,393541809
0.337,303933,393845742
0.3369,304829,394150571
0.3368,304163,394454734
0.3367,305396,394760130
0.3366,304529,395064659
0.3365,305434,395370093
0.3364,306221,395676314
0.3363,304574,395980888
0.3362,305228,396286116
0.3361,304919,396591035
0.336,305572,396896607
0.3359,306581,397203188
0.3358,305085,397508273
0.3357,305866,397814139
0.3356,307062,398121201
0.3355,305084,398426285
0.3354,304788,398731073
0.3353,306856,399037929
0.3352,305622,399343551
0.3351,304361,399647912
0.335,306613,399954525
0.3349,304654,400259179
0.3348,305541,400564720
0.3347,307499,400872219
0.3346,305604,401177823
0.3345,305452,401483275
0.3344,304796,401788071
0.3343,304928,402092999
0.3342,304625,402397624
0.3341,306950,402704574
0.334,305773,403010347
0.3339,305811,403316158
0.3338,304667,403620825
0.3337,304250,403925075
0.3336,305294,404230369
0.3335,305591,404535960
0.3334,305272,404841232
0.3333,304859,405146091
0.3332,305297,405451388
0.3331,305674,405757062
0.333,306957,406064019
0.3329,303606,406367625
0.3328,304720,406672345
0.3327,305131,406977476
0.3326,303817,407281293
0.3325,305641,407586934
0.3324,304889,407891823
0.3323,305989,408197812
0.3322,304767,408502579
0.3321,305375,408807954
0.332,304927,409112881
0.3319,305289,409418170
0.3318,305971,409724141
0.3317,306141,410030282
0.3316,306616,410336898
0.3315,306061,410642959
0.3314,305913,410948872
0.3313,304951,411253823
0.3312,304851,411558674
0.3311,303400,411862074
0.331,304468,412166542
0.3309,305009,412471551
0.3308,306441,412777992
0.3307,305753,413083745
0.3306,306278,413390023
0.3305,305023,413695046
0.3304,305613,414000659
0.3303,303078,414303737
0.3302,305465,414609202
0.3301,305106,414914308
0.33,306019,415220327
0.3299,307187,415527514
0.3298,306290,415833804
0.3297,305139,416138943
0.3296,306761,416445704
0.3295,306917,416752621
0.3294,306034,417058655
0.3293,306084,417364739
0.3292,305881,417670620
0.3291,304286,417974906
0.329,305978,418280884
0.3289,306001,418586885
0.3288,306142,418893027
0.3287,307278,419200305
0.3286,306564,419506869
0.3285,305116,419811985
0.3284,305993,420117978
0.3283,305623,420423601
0.3282,304284,420727885
0.3281,307875,421035760
0.328,305203,421340963
0.3279,305048,421646011
0.3278,305940,421951951
0.3277,306421,422258372
0.3276,306308,422564680
0.3275,306402,422871082
0.3274,304691,423175773
0.3273,305716,423481489
0.3272,306832,423788321
0.3271,305490,424093811
0.327,306545,424400356
0.3269,304802,424705158
0.3268,304118,425009276
0.3267,306400,425315676
0.3266,305513,425621189
0.3265,305018,425926207
0.3264,306043,426232250
0.3263,306094,426538344
0.3262,306141,426844485
0.3261,306421,427150906
0.326,308360,427459266
0.3259,303460,427762726
0.3258,305929,428068655
0.3257,305024,428373679
0.3256,305480,428679159
0.3255,308088,428987247
0.3254,305970,429293217
0.3253,305843,429599060
0.3252,305955,429905015
0.3251,304770,430209785
0.325,306206,430515991
0.3249,306510,430822501
0.3248,306235,431128736
0.3247,306245,431434981
0.3246,306836,431741817
0.3245,304569,432046386
0.3244,307413,432353799
0.3243,319165,432672964
0.3242,306604,432979568
0.3241,306098,433285666
0.324,307549,433593215
0.3239,303528,433896743
0.3238,304865,434201608
0.3237,305165,434506773
0.3236,303410,434810183
0.3235,306405,435116588
0.3234,303867,435420455
0.3233,304403,435724858
0.3232,308055,436032913
0.3231,302005,436334918
0.323,303312,436638230
0.3229,303534,436941764
0.3228,304810,437246574
0.3227,301345,437547919
0.3226,305019,437852938
0.3225,301975,438154913
0.3224,304623,438459536
0.3223,302742,438762278
0.3222,304039,439066317
0.3221,301384,439367701
0.322,304505,439672206
0.3219,303012,439975218
0.3218,303874,440279092
0.3217,301870,440580962
0.3216,304097,440885059
0.3215,303808,441188867
0.3214,301179,441490046
0.3213,302140,441792186
0.3212,302748,442094934
0.3211,303132,442398066
0.321,304263,442702329
0.3209,302054,443004383
0.3208,302376,443306759
0.3207,303711,443610470
0.3206,302043,443912513
0.3205,304098,444216611
0.3204,302093,444518704
0.3203,303763,444822467
0.3202,302471,445124938
0.3201,302956,445427894
0.32,305488,445733382
0.3199,303162,446036544
0.3198,302420,446338964
0.3197,301592,446640556
0.3196,302281,446942837
0.3195,301931,447244768
0.3194,304487,447549255
0.3193,301932,447851187
0.3192,301650,448152837
0.3191,300802,448453639
0.319,304402,448758041
0.3189,302210,449060251
0.3188,302324,449362575
0.3187,301349,449663924
0.3186,299757,449963681
0.3185,303275,450266956
0.3184,300985,450567941
0.3183,302115,450870056
0.3182,300783,451170839
0.3181,302185,451473024
0.318,299963,451772987
0.3179,302847,452075834
0.3178,301065,452376899
0.3177,304235,452681134
0.3176,302428,452983562
0.3175,301913,453285475
0.3174,303284,453588759
0.3173,302055,453890814
0.3172,301503,454192317
0.3171,304097,454496414
0.317,353583,454849997
0.3169,301714,455151711
0.3168,301486,455453197
0.3167,302927,455756124
0.3166,300538,456056662
0.3165,303117,456359779
0.3164,302997,456662776
0.3163,303551,456966327
0.3162,301531,457267858
0.3161,302424,457570282
0.316,303943,457874225
0.3159,299922,458174147
0.3158,304306,458478453
0.3157,320870,458799323
0.3156,301147,459100470
0.3155,301608,459402078
0.3154,305442,459707520
0.3153,300114,460007634
0.3152,300805,460308439
0.3151,327675,460636114
0.315,301646,460937760
0.3149,300018,461237778
0.3148,303386,461541164
0.3147,298990,461840154
0.3146,299778,462139932
0.3145,304394,462444326
0.3144,299761,462744087
0.3143,298242,463042329
0.3142,299704,463342033
0.3141,299713,463641746
0.314,299336,463941082
0.3139,298586,464239668
0.3138,300374,464540042
0.3137,299973,464840015
0.3136,300341,465140356
0.3135,299366,465439722
0.3134,298513,465738235
0.3133,300489,466038724
0.3132,297398,466336122
0.3131,297794,466633916
0.313,300765,466934681
0.3129,298922,467233603
0.3128,298045,467531648
0.3127,296543,467828191
0.3126,297233,468125424
0.3125,299579,468425003
0.3124,298727,468723730
0.3123,297221,469020951
0.3122,297402,469318353
0.3121,298112,469616465
0.312,296284,469912749
0.3119,296567,470209316
0.3118,298070,470507386
0.3117,298423,470805809
0.3116,296284,471102093
0.3115,299557,471401650
0.3114,296764,471698414
0.3113,297398,471995812
0.3112,296711,472292523
0.3111,296323,472588846
0.311,296546,472885392
0.3109,298236,473183628
0.3108,298114,473481742
0.3107,295245,473776987
0.3106,297250,474074237
0.3105,295778,474370015
0.3104,297893,474667908
0.3103,297029,474964937
0.3102,296007,475260944
0.3101,296565,475557509
0.31,296419,475853928
0.3099,296569,476150497
0.3098,294492,476444989
0.3097,296223,476741212
0.3096,294338,477035550
0.3095,295720,477331270
0.3094,294468,477625738
0.3093,296282,477922020
0.3092,295488,478217508
0.3091,294825,478512333
0.309,294867,478807200
0.3089,295009,479102209
0.3088,294534,479396743
0.3087,294436,479691179
0.3086,294521,479985700
0.3085,294443,480280143
0.3084,293154,480573297
0.3083,293772,480867069
0.3082,294639,481161708
0.3081,294086,481455794
0.308,292152,481747946
0.3079,293721,482041667
0.3078,293818,482335485
0.3077,292877,482628362
0.3076,293262,482921624
0.3075,291902,483213526
0.3074,295189,483508715
0.3073,291086,483799801
0.3072,293645,484093446
0.3071,294012,484387458
0.307,290817,484678275
0.3069,291150,484969425
0.3068,291200,485260625
0.3067,292711,485553336
0.3066,292884,485846220
0.3065,290659,486136879
0.3064,294520,486431399
0.3063,291502,486722901
0.3062,291521,487014422
0.3061,291912,487306334
0.306,291564,487597898
0.3059,290499,487888397
0.3058,293322,488181719
0.3057,290520,488472239
0.3056,291312,488763551
0.3055,291038,489054589
0.3054,292749,489347338
0.3053,290965,489638303
0.3052,291044,489929347
0.3051,289508,490218855
0.305,290612,490509467
0.3049,290370,490799837
0.3048,291699,491091536
0.3047,288908,491380444
0.3046,290758,491671202
0.3045,293794,491964996
0.3044,288330,492253326
0.3043,290079,492543405
0.3042,329489,492872894
0.3041,289054,493161948
0.304,292613,493454561
0.3039,292298,493746859
0.3038,287447,494034306
0.3037,291099,494325405
0.3036,295839,494621244
0.3035,288538,494909782
0.3034,288667,495198449
0.3033,297960,495496409
0.3032,287135,495783544
0.3031,288517,496072061
0.303,286174,496358235
0.3029,288215,496646450
0.3028,288646,496935096
0.3027,287355,497222451
0.3026,286540,497508991
0.3025,289150,497798141
0.3024,284579,498082720
0.3023,287767,498370487
0.3022,288676,498659163
0.3021,285448,498944611
0.302,285675,499230286
0.3019,286257,499516543
0.3018,286121,499802664
0.3017,287182,500089846
0.3016,286103,500375949
0.3015,286033,500661982
0.3014,285745,500947727
0.3013,289221,501236948
0.3012,286756,501523704
0.3011,285453,501809157
0.301,284251,502093408
0.3009,287529,502380937
0.3008,285165,502666102
0.3007,285569,502951671
0.3006,285266,503236937
0.3005,283089,503520026
0.3004,284641,503804667
0.3003,283979,504088646
0.3002,284905,504373551
0.3001,283941,504657492
0.3,283948,504941440
0.2999,282939,505224379
0.2998,284256,505508635
0.2997,286537,505795172
0.2996,288791,506083963
0.2995,284194,506368157
0.2994,284436,506652593
0.2993,283409,506936002
0.2992,283803,507219805
0.2991,285332,507505137
0.299,281341,507786478
0.2989,292613,508079091
0.2988,281599,508360690
0.2987,283635,508644325
0.2986,283689,508928014
0.2985,281217,509209231
0.2984,282134,509491365
0.2983,281127,509772492
0.2982,280871,510053363
0.2981,280935,510334298
0.298,280122,510614420
0.2979,283478,510897898
0.2978,282942,511180840
0.2977,281060,511461900
0.2976,279802,511741702
0.2975,279472,512021174
0.2974,280824,512301998
0.2973,280469,512582467
0.2972,282294,512864761
0.2971,281303,513146064
0.297,279714,513425778
0.2969,280372,513706150
0.2968,278800,513984950
0.2967,278922,514263872
0.2966,281292,514545164
0.2965,279630,514824794
0.2964,278365,515103159
0.2963,279333,515382492
0.2962,281751,515664243
0.2961,277296,515941539
0.296,277026,516218565
0.2959,278225,516496790
0.2958,280028,516776818
0.2957,276705,517053523
0.2956,288515,517342038
0.2955,277574,517619612
0.2954,277105,517896717
0.2953,278716,518175433
0.2952,277318,518452751
0.2951,277232,518729983
0.295,276431,519006414
0.2949,277240,519283654
0.2948,276839,519560493
0.2947,276393,519836886
0.2946,275832,520112718
0.2945,275361,520388079
0.2944,276422,520664501
0.2943,273715,520938216
0.2942,275404,521213620
0.2941,275635,521489255
0.294,274282,521763537
0.2939,273890,522037427
0.2938,274141,522311568
0.2937,273606,522585174
0.2936,272520,522857694
0.2935,273758,523131452
0.2934,273809,523405261
0.2933,272653,523677914
0.2932,271343,523949257
0.2931,273926,524223183
0.293,273110,524496293
0.2929,271999,524768292
0.2928,271846,525040138
0.2927,273934,525314072
0.2926,271113,525585185
0.2925,271744,525856929
0.2924,271384,526128313
0.2923,272048,526400361
0.2922,272522,526672883
0.2921,272776,526945659
0.292,272838,527218497
0.2919,270933,527489430
0.2918,270370,527759800
0.2917,270590,528030390
0.2916,270038,528300428
0.2915,269896,528570324
0.2914,268454,528838778
0.2913,270710,529109488
0.2912,269567,529379055
0.2911,269166,529648221
0.291,271597,529919818
0.2909,269841,530189659
0.2908,272452,530462111
0.2907,269999,530732110
0.2906,270699,531002809
0.2905,268581,531271390
0.2904,268451,531539841
0.2903,268362,531808203
0.2902,269854,532078057
0.2901,268169,532346226
0.29,272461,532618687
0.2899,268505,532887192
0.2898,273009,533160201
0.2897,271565,533431766
0.2896,267409,533699175
0.2895,269097,533968272
0.2894,288449,534256721
0.2893,273907,534530628
0.2892,268718,534799346
0.2891,267255,535066601
0.289,268065,535334666
0.2889,267714,535602380
0.2888,266082,535868462
0.2887,268028,536136490
0.2886,266471,536402961
0.2885,265892,536668853
0.2884,266203,536935056
0.2883,266620,537201676
0.2882,265739,537467415
0.2881,264712,537732127
0.288,264261,537996388
0.2879,265680,538262068
0.2878,265394,538527462
0.2877,265082,538792544
0.2876,264733,539057277
0.2875,265162,539322439
0.2874,267431,539589870
0.2873,265216,539855086
0.2872,264173,540119259
0.2871,267274,540386533
0.287,266415,540652948
0.2869,265411,540918359
0.2868,266228,541184587
0.2867,266156,541450743
0.2866,267270,541718013
0.2865,279401,541997414
0.2864,267101,542264515
0.2863,266497,542531012
0.2862,268224,542799236
0.2861,269567,543068803
0.286,266462,543335265
0.2859,274526,543609791
0.2858,266734,543876525
0.2857,265939,544142464
0.2856,262230,544404694
0.2855,323273,544727967
0.2854,263335,544991302
0.2853,278184,545269486
0.2852,287536,545557022
0.2851,276878,545833900
0.285,266566,546100466
0.2849,482243,546582709
0.2848,273010,546855719
0.2847,271512,547127231
0.2846,267757,547394988
0.2845,261670,547656658
0.2844,256964,547913622
0.2843,266063,548179685
0.2842,266566,548446251
0.2841,257990,548704241
0.284,259315,548963556
0.2839,259498,549223054
0.2838,259138,549482192
0.2837,259993,549742185
0.2836,259667,550001852
0.2835,259036,550260888
0.2834,256396,550517284
0.2833,257637,550774921
0.2832,259928,551034849
0.2831,257867,551292716
0.283,265008,551557724
0.2829,281274,551838998
0.2828,260646,552099644
0.2827,258303,552357947
0.2826,282569,552640516
0.2825,255292,552895808
0.2824,254674,553150482
0.2823,261255,553411737
0.2822,253306,553665043
0.2821,254300,553919343
0.282,257230,554176573
0.2819,258655,554435228
0.2818,255541,554690769
0.2817,258191,554948960
0.2816,262090,555211050
0.2815,258480,555469530
0.2814,255345,555724875
0.2813,252730,555977605
0.2812,251811,556229416
0.2811,252622,556482038
0.281,251565,556733603
0.2809,251718,556985321
0.2808,250025,557235346
0.2807,251039,557486385
0.2806,252081,557738466
0.2805,248588,557987054
0.2804,254806,558241860
0.2803,251278,558493138
0.2802,249564,558742702
0.2801,263420,559006122
0.28,247692,559253814
0.2799,252982,559506796
0.2798,250915,559757711
0.2797,251408,560009119
0.2796,248146,560257265
0.2795,256143,560513408
0.2794,253049,560766457
0.2793,251430,561017887
0.2792,250256,561268143
0.2791,244714,561512857
0.279,247551,561760408
0.2789,249211,562009619
0.2788,246962,562256581
0.2787,244843,562501424
0.2786,244469,562745893
0.2785,246094,562991987
0.2784,246249,563238236
0.2783,243964,563482200
0.2782,243649,563725849
0.2781,244459,563970308
0.278,244315,564214623
0.2779,243538,564458161
0.2778,243939,564702100
0.2777,242391,564944491
0.2776,244015,565188506
0.2775,243566,565432072
0.2774,243451,565675523
0.2773,242674,565918197
0.2772,240773,566158970
0.2771,243415,566402385
0.277,240103,566642488
0.2769,241355,566883843
0.2768,242045,567125888
0.2767,240740,567366628
0.2766,239720,567606348
0.2765,240959,567847307
0.2764,238776,568086083
0.2763,240901,568326984
0.2762,239483,568566467
0.2761,239718,568806185
0.276,237860,569044045
0.2759,237842,569281887
0.2758,237622,569519509
0.2757,238612,569758121
0.2756,236283,569994404
0.2755,236983,570231387
0.2754,236621,570468008
0.2753,236309,570704317
0.2752,237657,570941974
0.2751,236604,571178578
0.275,235937,571414515
0.2749,234499,571649014
0.2748,235083,571884097
0.2747,234267,572118364
0.2746,234281,572352645
0.2745,234839,572587484
0.2744,234126,572821610
0.2743,233780,573055390
0.2742,235364,573290754
0.2741,234732,573525486
0.274,233028,573758514
0.2739,232285,573990799
0.2738,232104,574222903
0.2737,233034,574455937
0.2736,232027,574687964
0.2735,231828,574919792
0.2734,230920,575150712
0.2733,231646,575382358
0.2732,230840,575613198
0.2731,230238,575843436
0.273,231269,576074705
0.2729,230038,576304743
0.2728,229889,576534632
0.2727,230213,576764845
0.2726,229594,576994439
0.2725,228767,577223206
0.2724,230022,577453228
0.2723,231010,577684238
0.2722,228951,577913189
0.2721,229285,578142474
0.272,227810,578370284
0.2719,227765,578598049
0.2718,227514,578825563
0.2717,228379,579053942
0.2716,226711,579280653
0.2715,227548,579508201
0.2714,227475,579735676
0.2713,226018,579961694
0.2712,226440,580188134
0.2711,224934,580413068
0.271,225761,580638829
0.2709,225921,580864750
0.2708,225775,581090525
0.2707,225307,581315832
0.2706,224678,581540510
0.2705,224409,581764919
0.2704,224102,581989021
0.2703,225604,582214625
0.2702,223056,582437681
0.2701,224344,582662025
0.27,222992,582885017
0.2699,223571,583108588
0.2698,222668,583331256
0.2697,223790,583555046
0.2696,223096,583778142
0.2695,222489,584000631
0.2694,222687,584223318
0.2693,221316,584444634
0.2692,222550,584667184
0.2691,220482,584887666
0.269,220683,585108349
0.2689,221687,585330036
0.2688,219972,585550008
0.2687,219671,585769679
0.2686,219303,585988982
0.2685,219288,586208270
0.2684,218740,586427010
0.2683,219509,586646519
0.2682,219181,586865700
0.2681,218464,587084164
0.268,219021,587303185
0.2679,218543,587521728
0.2678,217808,587739536
0.2677,217832,587957368
0.2676,216895,588174263
0.2675,216836,588391099
0.2674,219307,588610406
0.2673,215880,588826286
0.2672,215701,589041987
0.2671,214877,589256864
0.267,215531,589472395
0.2669,215769,589688164
0.2668,216601,589904765
0.2667,215561,590120326
0.2666,214300,590334626
0.2665,214326,590548952
0.2664,214727,590763679
0.2663,214527,590978206
0.2662,213392,591191598
0.2661,212521,591404119
0.266,213689,591617808
0.2659,213901,591831709
0.2658,212596,592044305
0.2657,213933,592258238
0.2656,211447,592469685
0.2655,211767,592681452
0.2654,211820,592893272
0.2653,212074,593105346
0.2652,210714,593316060
0.2651,210907,593526967
0.265,210488,593737455
0.2649,212779,593950234
0.2648,210662,594160896
0.2647,209938,594370834
0.2646,219010,594589844
0.2645,209920,594799764
0.2644,210048,595009812
0.2643,210049,595219861
0.2642,208207,595428068
0.2641,210546,595638614
0.264,209614,595848228
0.2639,208517,596056745
0.2638,210210,596266955
0.2637,206593,596473548
0.2636,208371,596681919
0.2635,207754,596889673
0.2634,206563,597096236
0.2633,207014,597303250
0.2632,205846,597509096
0.2631,206590,597715686
0.263,205341,597921027
0.2629,204931,598125958
0.2628,205360,598331318
0.2627,206966,598538284
0.2626,205418,598743702
0.2625,204296,598947998
0.2624,203347,599151345
0.2623,202821,599354166
0.2622,204089,599558255
0.2621,204076,599762331
0.262,203187,599965518
0.2619,204162,600169680
0.2618,203684,600373364
0.2617,203403,600576767
0.2616,203208,600779975
0.2615,202905,600982880
0.2614,201970,601184850
0.2613,201988,601386838
0.2612,202217,601589055
0.2611,201150,601790205
0.261,201291,601991496
0.2609,201191,602192687
0.2608,201558,602394245
0.2607,200754,602594999
0.2606,200338,602795337
0.2605,199380,602994717
0.2604,199651,603194368
0.2603,199619,603393987
0.2602,200466,603594453
0.2601,199081,603793534
0.26,198131,603991665
0.2599,198105,604189770
0.2598,197854,604387624
0.2597,197626,604585250
0.2596,196108,604781358
0.2595,197391,604978749
0.2594,197836,605176585
0.2593,195608,605372193
0.2592,195265,605567458
0.2591,195330,605762788
0.259,196000,605958788
0.2589,195492,606154280
0.2588,194585,606348865
0.2587,194395,606543260
0.2586,194566,606737826
0.2585,194094,606931920
0.2584,194144,607126064
0.2583,194489,607320553
0.2582,192811,607513364
0.2581,195114,607708478
0.258,192182,607900660
0.2579,192659,608093319
0.2578,192384,608285703
0.2577,193692,608479395
0.2576,192494,608671889
0.2575,191437,608863326
0.2574,191790,609055116
0.2573,192526,609247642
0.2572,191656,609439298
0.2571,189846,609629144
0.257,190375,609819519
0.2569,189788,610009307
0.2568,190227,610199534
0.2567,189747,610389281
0.2566,188573,610577854
0.2565,188673,610766527
0.2564,188493,610955020
0.2563,189887,611144907
0.2562,189407,611334314
0.2561,188890,611523204
0.256,188264,611711468
0.2559,188306,611899774
0.2558,187861,612087635
0.2557,187262,612274897
0.2556,186675,612461572
0.2555,187574,612649146
0.2554,187771,612836917
0.2553,185502,613022419
0.2552,185623,613208042
0.2551,185580,613393622
0.255,185371,613578993
0.2549,186579,613765572
0.2548,184471,613950043
0.2547,185417,614135460
0.2546,184111,614319571
0.2545,184007,614503578
0.2544,182424,614686002
0.2543,184212,614870214
0.2542,184369,615054583
0.2541,183541,615238124
0.254,182785,615420909
0.2539,183557,615604466
0.2538,182427,615786893
0.2537,182200,615969093
0.2536,182424,616151517
0.2535,180812,616332329
0.2534,181676,616514005
0.2533,181947,616695952
0.2532,180464,616876416
0.2531,180423,617056839
0.253,181014,617237853
0.2529,181084,617418937
0.2528,181107,617600044
0.2527,180000,617780044
0.2526,179132,617959176
0.2525,178352,618137528
0.2524,178220,618315748
0.2523,179844,618495592
0.2522,177794,618673386
0.2521,178334,618851720
0.252,179370,619031090
0.2519,177718,619208808
0.2518,177601,619386409
0.2517,177030,619563439
0.2516,178736,619742175
0.2515,175975,619918150
0.2514,175460,620093610
0.2513,176422,620270032
0.2512,175041,620445073
0.2511,175827,620620900
0.251,175820,620796720
0.2509,175101,620971821
0.2508,175040,621146861
0.2507,174476,621321337
0.2506,174749,621496086
0.2505,173199,621669285
0.2504,175177,621844462
0.2503,174267,622018729
0.2502,173105,622191834
0.2501,173619,622365453
0.25,172769,622538222
0.2499,174624,622712846
0.2498,172545,622885391
0.2497,172611,623058002
0.2496,172696,623230698
0.2495,172286,623402984
0.2494,171369,623574353
0.2493,171343,623745696
0.2492,170772,623916468
0.2491,170215,624086683
0.249,170649,624257332
0.2489,169292,624426624
0.2488,170816,624597440
0.2487,169237,624766677
0.2486,169832,624936509
0.2485,169590,625106099
0.2484,168138,625274237
0.2483,168870,625443107
0.2482,168203,625611310
0.2481,168370,625779680
0.248,168819,625948499
0.2479,168300,626116799
0.2478,166958,626283757
0.2477,166216,626449973
0.2476,167436,626617409
0.2475,166419,626783828
0.2474,167503,626951331
0.2473,165269,627116600
0.2472,165718,627282318
0.2471,166390,627448708
0.247,165557,627614265
0.2469,166318,627780583
0.2468,164797,627945380
0.2467,164611,628109991
0.2466,165248,628275239
0.2465,164749,628439988
0.2464,165036,628605024
0.2463,163036,628768060
0.2462,163573,628931633
0.2461,162771,629094404
0.246,163322,629257726
0.2459,161884,629419610
0.2458,162987,629582597
0.2457,162161,629744758
0.2456,163017,629907775
0.2455,162728,630070503
0.2454,160518,630231021
0.2453,161637,630392658
0.2452,159690,630552348
0.2451,159857,630712205
0.245,160589,630872794
0.2449,160376,631033170
0.2448,160190,631193360
0.2447,160470,631353830
0.2446,159079,631512909
0.2445,157785,631670694
0.2444,160651,631831345
0.2443,159681,631991026
0.2442,159512,632150538
0.2441,158552,632309090
0.244,158925,632468015
0.2439,158303,632626318
0.2438,157393,632783711
0.2437,156909,632940620
0.2436,158683,633099303
0.2435,156455,633255758
0.2434,156842,633412600
0.2433,156611,633569211
0.2432,156295,633725506
0.2431,155740,633881246
0.243,155494,634036740
0.2429,156612,634193352
0.2428,155482,634348834
0.2427,155856,634504690
0.2426,155649,634660339
0.2425,153931,634814270
0.2424,154468,634968738
0.2423,154103,635122841
0.2422,153971,635276812
0.2421,154262,635431074
0.242,155247,635586321
0.2419,152591,635738912
0.2418,152843,635891755
0.2417,152298,636044053
0.2416,152057,636196110
0.2415,152106,636348216
0.2414,151041,636499257
0.2413,152112,636651369
0.2412,151127,636802496
0.2411,152157,636954653
0.241,149185,637103838
0.2409,149787,637253625
0.2408,149936,637403561
0.2407,149076,637552637
0.2406,149775,637702412
0.2405,148689,637851101
0.2404,149278,638000379
0.2403,148109,638148488
0.2402,149066,638297554
0.2401,148883,638446437
0.24,147336,638593773
0.2399,146178,638739951
0.2398,146690,638886641
0.2397,147125,639033766
0.2396,147061,639180827
0.2395,146637,639327464
0.2394,145693,639473157
0.2393,145340,639618497
0.2392,145210,639763707
0.2391,146133,639909840
0.239,145531,640055371
0.2389,145380,640200751
0.2388,144417,640345168
0.2387,144969,640490137
0.2386,144054,640634191
0.2385,143801,640777992
0.2384,144139,640922131
0.2383,143723,641065854
0.2382,143329,641209183
0.2381,142943,641352126
0.238,141504,641493630
0.2379,141269,641634899
0.2378,141315,641776214
0.2377,141627,641917841
0.2376,141991,642059832
0.2375,140421,642200253
0.2374,141159,642341412
0.2373,141173,642482585
0.2372,141119,642623704
0.2371,140325,642764029
0.237,140623,642904652
0.2369,139651,643044303
0.2368,139024,643183327
0.2367,139193,643322520
0.2366,138753,643461273
0.2365,138629,643599902
0.2364,138831,643738733
0.2363,138302,643877035
0.2362,137405,644014440
0.2361,136822,644151262
0.236,136890,644288152
0.2359,136310,644424462
0.2358,136246,644560708
0.2357,135785,644696493
0.2356,136495,644832988
0.2355,136492,644969480
0.2354,135307,645104787
0.2353,135916,645240703
0.2352,134726,645375429
0.2351,135136,645510565
0.235,134402,645644967
0.2349,134718,645779685
0.2348,134591,645914276
0.2347,133299,646047575
0.2346,133987,646181562
0.2345,133323,646314885
0.2344,132269,646447154
0.2343,132439,646579593
0.2342,132969,646712562
0.2341,131448,646844010
0.234,131707,646975717
0.2339,131113,647106830
0.2338,131519,647238349
0.2337,131546,647369895
0.2336,130197,647500092
0.2335,130157,647630249
0.2334,130794,647761043
0.2333,130395,647891438
0.2332,129957,648021395
0.2331,129594,648150989
0.233,129018,648280007
0.2329,127841,648407848
0.2328,129894,648537742
0.2327,127272,648665014
0.2326,128891,648793905
0.2325,127845,648921750
0.2324,128216,649049966
0.2323,126349,649176315
0.2322,127280,649303595
0.2321,127617,649431212
0.232,127184,649558396
0.2319,126982,649685378
0.2318,126745,649812123
0.2317,126549,649938672
0.2316,126035,650064707
0.2315,126315,650191022
0.2314,125149,650316171
0.2313,126339,650442510
0.2312,124897,650567407
0.2311,125208,650692615
0.231,124459,650817074
0.2309,124295,650941369
0.2308,124334,651065703
0.2307,123927,651189630
0.2306,123428,651313058
0.2305,122770,651435828
0.2304,122730,651558558
0.2303,122542,651681100
0.2302,121764,651802864
0.2301,121383,651924247
0.23,121541,652045788
0.2299,121690,652167478
0.2298,120211,652287689
0.2297,121616,652409305
0.2296,119339,652528644
0.2295,121230,652649874
0.2294,120197,652770071
0.2293,119695,652889766
0.2292,119280,653009046
0.2291,119021,653128067
0.229,119071,653247138
0.2289,119236,653366374
0.2288,118638,653485012
0.2287,117793,653602805
0.2286,117684,653720489
0.2285,117642,653838131
0.2284,117050,653955181
0.2283,118256,654073437
0.2282,115770,654189207
0.2281,118304,654307511
0.228,116360,654423871
0.2279,116832,654540703
0.2278,116219,654656922
0.2277,115595,654772517
0.2276,114081,654886598
0.2275,114874,655001472
0.2274,114872,655116344
0.2273,114099,655230443
0.2272,114403,655344846
0.2271,113261,655458107
0.227,113955,655572062
0.2269,114299,655686361
0.2268,113473,655799834
0.2267,114148,655913982
0.2266,112227,656026209
0.2265,111798,656138007
0.2264,112251,656250258
0.2263,112877,656363135
0.2262,111455,656474590
0.2261,110720,656585310
0.226,111028,656696338
0.2259,111352,656807690
0.2258,110484,656918174
0.2257,110520,657028694
0.2256,109529,657138223
0.2255,110300,657248523
0.2254,110950,657359473
0.2253,110131,657469604
0.2252,108898,657578502
0.2251,108810,657687312
0.225,109395,657796707
0.2249,108794,657905501
0.2248,108363,658013864
0.2247,107443,658121307
0.2246,107451,658228758
0.2245,107579,658336337
0.2244,106931,658443268
0.2243,106993,658550261
0.2242,106335,658656596
0.2241,106360,658762956
0.224,106091,658869047
0.2239,106565,658975612
0.2238,107013,659082625
0.2237,105917,659188542
0.2236,104822,659293364
0.2235,105057,659398421
0.2234,105694,659504115
0.2233,104821,659608936
0.2232,104238,659713174
0.2231,103010,659816184
0.223,104895,659921079
0.2229,103521,660024600
0.2228,102920,660127520
0.2227,102826,660230346
0.2226,103492,660333838
0.2225,102604,660436442
0.2224,102615,660539057
0.2223,102378,660641435
0.2222,101927,660743362
0.2221,102564,660845926
0.222,101292,660947218
0.2219,101371,661048589
0.2218,101021,661149610
0.2217,100974,661250584
0.2216,101437,661352021
0.2215,99784,661451805
0.2214,98929,661550734
0.2213,98961,661649695
0.2212,99389,661749084
0.2211,98746,661847830
0.221,98996,661946826
0.2209,97779,662044605
0.2208,97867,662142472
0.2207,98527,662240999
0.2206,98455,662339454
0.2205,97398,662436852
0.2204,97322,662534174
0.2203,96141,662630315
0.2202,96068,662726383
0.2201,96309,662822692
0.22,95373,662918065
0.2199,96858,663014923
0.2198,95794,663110717
0.2197,95320,663206037
0.2196,96711,663302748
0.2195,95088,663397836
0.2194,94757,663492593
0.2193,94702,663587295
0.2192,95602,663682897
0.2191,93988,663776885
0.219,93987,663870872
0.2189,93655,663964527
0.2188,93952,664058479
0.2187,93747,664152226
0.2186,92598,664244824
0.2185,93038,664337862
0.2184,92366,664430228
0.2183,93659,664523887
0.2182,92070,664615957
0.2181,91708,664707665
0.218,91223,664798888
0.2179,90777,664889665
0.2178,90312,664979977
0.2177,91151,665071128
0.2176,91212,665162340
0.2175,90304,665252644
0.2174,89449,665342093
0.2173,89807,665431900
0.2172,90044,665521944
0.2171,88683,665610627
0.217,88543,665699170
0.2169,89161,665788331
0.2168,89562,665877893
0.2167,88736,665966629
0.2166,89217,666055846
0.2165,88910,666144756
0.2164,88239,666232995
0.2163,87170,666320165
0.2162,87447,666407612
0.2161,87967,666495579
0.216,86841,666582420
0.2159,86364,666668784
0.2158,85571,666754355
0.2157,85965,666840320
0.2156,85687,666926007
0.2155,86018,667012025
0.2154,85456,667097481
0.2153,84995,667182476
0.2152,84601,667267077
0.2151,85040,667352117
0.215,84947,667437064
0.2149,84065,667521129
0.2148,85600,667606729
0.2147,82874,667689603
0.2146,83902,667773505
0.2145,83869,667857374
0.2144,83447,667940821
0.2143,82776,668023597
0.2142,82717,668106314
0.2141,82729,668189043
0.214,82087,668271130
0.2139,82220,668353350
0.2138,81638,668434988
0.2137,81303,668516291
0.2136,81449,668597740
0.2135,81756,668679496
0.2134,82114,668761610
0.2133,80833,668842443
0.2132,80751,668923194
0.2131,80075,669003269
0.213,79488,669082757
0.2129,79296,669162053
0.2128,79830,669241883
0.2127,80107,669321990
0.2126,79228,669401218
0.2125,78689,669479907
0.2124,79168,669559075
0.2123,78652,669637727
0.2122,79085,669716812
0.2121,78050,669794862
0.212,78380,669873242
0.2119,77669,669950911
0.2118,76862,670027773
0.2117,76547,670104320
0.2116,76498,670180818
0.2115,75815,670256633
0.2114,76945,670333578
0.2113,76314,670409892
0.2112,75974,670485866
0.2111,76037,670561903
0.211,75666,670637569
0.2109,75333,670712902
0.2108,75238,670788140
0.2107,74782,670862922
0.2106,74793,670937715
0.2105,74880,671012595
0.2104,74060,671086655
0.2103,74063,671160718
0.2102,73797,671234515
0.2101,74199,671308714
0.21,72968,671381682
0.2099,72137,671453819
0.2098,72943,671526762
0.2097,72083,671598845
0.2096,71887,671670732
0.2095,71985,671742717
0.2094,72615,671815332
0.2093,71489,671886821
0.2092,71474,671958295
0.2091,71014,672029309
0.209,70947,672100256
0.2089,71230,672171486
0.2088,70737,672242223
0.2087,70431,672312654
0.2086,69916,672382570
0.2085,70625,672453195
0.2084,69780,672522975
0.2083,69941,672592916
0.2082,70350,672663266
0.2081,69513,672732779
0.208,69518,672802297
0.2079,68886,672871183
0.2078,68307,672939490
0.2077,68470,673007960
0.2076,68627,673076587
0.2075,67743,673144330
0.2074,68022,673212352
0.2073,68191,673280543
0.2072,67672,673348215
0.2071,67215,673415430
0.207,66722,673482152
0.2069,67325,673549477
0.2068,67384,673616861
0.2067,66366,673683227
0.2066,66942,673750169
0.2065,66504,673816673
0.2064,65433,673882106
0.2063,66008,673948114
0.2062,66849,674014963
0.2061,65075,674080038
0.206,65926,674145964
0.2059,65428,674211392
0.2058,65031,674276423
0.2057,65011,674341434
0.2056,64723,674406157
0.2055,64280,674470437
0.2054,64026,674534463
0.2053,63868,674598331
0.2052,63245,674661576
0.2051,63736,674725312
0.205,63723,674789035
0.2049,63616,674852651
0.2048,62887,674915538
0.2047,63061,674978599
0.2046,62515,675041114
0.2045,62078,675103192
0.2044,62282,675165474
0.2043,62094,675227568
0.2042,61549,675289117
0.2041,61929,675351046
0.204,61329,675412375
0.2039,62005,675474380
0.2038,60986,675535366
0.2037,61100,675596466
0.2036,61056,675657522
0.2035,60653,675718175
0.2034,60260,675778435
0.2033,60103,675838538
0.2032,59770,675898308
0.2031,59199,675957507
0.203,58985,676016492
0.2029,59421,676075913
0.2028,59111,676135024
0.2027,58866,676193890
0.2026,58623,676252513
0.2025,58775,676311288
0.2024,58710,676369998
0.2023,57629,676427627
0.2022,58380,676486007
0.2021,57898,676543905
0.202,57580,676601485
0.2019,57812,676659297
0.2018,57083,676716380
0.2017,56640,676773020
0.2016,57180,676830200
0.2015,56795,676886995
0.2014,56714,676943709
0.2013,56446,677000155
0.2012,55813,677055968
0.2011,55274,677111242
0.201,55913,677167155
0.2009,55881,677223036
0.2008,54868,677277904
0.2007,55130,677333034
0.2006,55215,677388249
0.2005,55277,677443526
0.2004,55329,677498855
0.2003,54422,677553277
0.2002,55342,677608619
0.2001,54511,677663130
0.2,54028,677717158
0.1999,53769,677770927
0.1998,53953,677824880
0.1997,53000,677877880
0.1996,53501,677931381
0.1995,53106,677984487
0.1994,53909,678038396
0.1993,53107,678091503
0.1992,52054,678143557
0.1991,52608,678196165
0.199,52227,678248392
0.1989,52337,678300729
0.1988,52386,678353115
0.1987,52288,678405403
0.1986,51945,678457348
0.1985,51138,678508486
0.1984,51064,678559550
0.1983,51059,678610609
0.1982,50887,678661496
0.1981,51166,678712662
0.198,50735,678763397
0.1979,50556,678813953
0.1978,50816,678864769
0.1977,50179,678914948
0.1976,49639,678964587
0.1975,50115,679014702
0.1974,49814,679064516
0.1973,49196,679113712
0.1972,49580,679163292
0.1971,48782,679212074
0.197,49413,679261487
0.1969,48608,679310095
0.1968,48775,679358870
0.1967,48215,679407085
0.1966,48564,679455649
0.1965,48513,679504162
0.1964,48397,679552559
0.1963,47802,679600361
0.1962,47545,679647906
0.1961,46854,679694760
0.196,46948,679741708
0.1959,47096,679788804
0.1958,47260,679836064
0.1957,46960,679883024
0.1956,47069,679930093
0.1955,46903,679976996
0.1954,46726,680023722
0.1953,46435,680070157
0.1952,45765,680115922
0.1951,46231,680162153
0.195,46080,680208233
0.1949,45093,680253326
0.1948,45178,680298504
0.1947,45602,680344106
0.1946,45187,680389293
0.1945,45109,680434402
0.1944,44656,680479058
0.1943,44816,680523874
0.1942,45340,680569214
0.1941,44817,680614031
0.194,44241,680658272
0.1939,45178,680703450
0.1938,44219,680747669
0.1937,43473,680791142
0.1936,44017,680835159
0.1935,43876,680879035
0.1934,43949,680922984
0.1933,43340,680966324
0.1932,43109,681009433
0.1931,42980,681052413
0.193,42533,681094946
0.1929,42089,681137035
0.1928,42846,681179881
0.1927,42106,681221987
0.1926,42198,681264185
0.1925,42162,681306347
0.1924,42377,681348724
0.1923,41906,681390630
0.1922,41463,681432093
0.1921,41914,681474007
0.192,41052,681515059
0.1919,41340,681556399
0.1918,40932,681597331
0.1917,41595,681638926
0.1916,41150,681680076
0.1915,40562,681720638
0.1914,40250,681760888
0.1913,40473,681801361
0.1912,40082,681841443
0.1911,40155,681881598
0.191,39692,681921290
0.1909,39579,681960869
0.1908,40356,682001225
0.1907,39752,682040977
0.1906,39403,682080380
0.1905,39677,682120057
0.1904,39328,682159385
0.1903,39850,682199235
0.1902,38547,682237782
0.1901,38313,682276095
0.19,38894,682314989
0.1899,38207,682353196
0.1898,38062,682391258
0.1897,38066,682429324
0.1896,38245,682467569
0.1895,37394,682504963
0.1894,38136,682543099
0.1893,38298,682581397
0.1892,37521,682618918
0.1891,37326,682656244
0.189,36849,682693093
0.1889,37272,682730365
0.1888,36471,682766836
0.1887,36576,682803412
0.1886,36672,682840084
0.1885,35847,682875931
0.1884,36697,682912628
0.1883,36249,682948877
0.1882,36511,682985388
0.1881,35696,683021084
0.188,35833,683056917
0.1879,35497,683092414
0.1878,35701,683128115
0.1877,34904,683163019
0.1876,35441,683198460
0.1875,35447,683233907
0.1874,35688,683269595
0.1873,35219,683304814
0.1872,34994,683339808
0.1871,34454,683374262
0.187,35542,683409804
0.1869,34559,683444363
0.1868,34551,683478914
0.1867,34322,683513236
0.1866,33584,683546820
0.1865,33990,683580810
0.1864,33350,683614160
0.1863,33190,683647350
0.1862,33640,683680990
0.1861,33730,683714720
0.186,33397,683748117
0.1859,33327,683781444
0.1858,33170,683814614
0.1857,32712,683847326
0.1856,32976,683880302
0.1855,32797,683913099
0.1854,32759,683945858
0.1853,33476,683979334
0.1852,32683,684012017
0.1851,32179,684044196
0.185,32496,684076692
0.1849,32394,684109086
0.1848,31689,684140775
0.1847,31432,684172207
0.1846,31780,684203987
0.1845,31738,684235725
0.1844,31805,684267530
0.1843,31382,684298912
0.1842,31404,684330316
0.1841,30983,684361299
0.184,31494,684392793
0.1839,31194,684423987
0.1838,30328,684454315
0.1837,30803,684485118
0.1836,30717,684515835
0.1835,30274,684546109
0.1834,30398,684576507
0.1833,29949,684606456
0.1832,30177,684636633
0.1831,29962,684666595
0.183,29988,684696583
0.1829,29980,684726563
0.1828,29885,684756448
0.1827,29680,684786128
0.1826,29482,684815610
0.1825,29412,684845022
0.1824,29649,684874671
0.1823,29200,684903871
0.1822,29329,684933200
0.1821,28409,684961609
0.182,28967,684990576
0.1819,28536,685019112
0.1818,28358,685047470
0.1817,28898,685076368
0.1816,28214,685104582
0.1815,28485,685133067
0.1814,28561,685161628
0.1813,28120,685189748
0.1812,28019,685217767
0.1811,27288,685245055
0.181,28259,685273314
0.1809,27542,685300856
0.1808,27111,685327967
0.1807,27502,685355469
0.1806,27487,685382956
0.1805,27234,685410190
0.1804,27264,685437454
0.1803,27616,685465070
0.1802,26893,685491963
0.1801,26721,685518684
0.18,26582,685545266
0.1799,27170,685572436
0.1798,26706,685599142
0.1797,26063,685625205
0.1796,26230,685651435
0.1795,26639,685678074
0.1794,26136,685704210
0.1793,25874,685730084
0.1792,26309,685756393
0.1791,25510,685781903
0.179,25791,685807694
0.1789,25960,685833654
0.1788,25862,685859516
0.1787,25129,685884645
0.1786,25251,685909896
0.1785,25281,685935177
0.1784,25149,685960326
0.1783,25047,685985373
0.1782,24638,686010011
0.1781,24682,686034693
0.178,24592,686059285
0.1779,24906,686084191
0.1778,24290,686108481
0.1777,24843,686133324
0.1776,24646,686157970
0.1775,24273,686182243
0.1774,24366,686206609
0.1773,24058,686230667
0.1772,24105,686254772
0.1771,24085,686278857
0.177,23840,686302697
0.1769,23362,686326059
0.1768,23666,686349725
0.1767,23487,686373212
0.1766,23500,686396712
0.1765,22895,686419607
0.1764,23147,686442754
0.1763,23399,686466153
0.1762,23352,686489505
0.1761,22901,686512406
0.176,22755,686535161
0.1759,22952,686558113
0.1758,22919,686581032
0.1757,22173,686603205
0.1756,22751,686625956
0.1755,22450,686648406
0.1754,22126,686670532
0.1753,22610,686693142
0.1752,22588,686715730
0.1751,21793,686737523
0.175,22078,686759601
0.1749,21744,686781345
0.1748,21675,686803020
0.1747,21550,686824570
0.1746,21885,686846455
0.1745,21747,686868202
0.1744,21713,686889915
0.1743,21257,686911172
0.1742,21015,686932187
0.1741,21326,686953513
0.174,20702,686974215
0.1739,20895,686995110
0.1738,20474,687015584
0.1737,20653,687036237
0.1736,20615,687056852
0.1735,20330,687077182
0.1734,20546,687097728
0.1733,20908,687118636
0.1732,20708,687139344
0.1731,19915,687159259
0.173,20189,687179448
0.1729,20226,687199674
0.1728,20185,687219859
0.1727,20220,687240079
0.1726,20119,687260198
0.1725,19819,687280017
0.1724,19398,687299415
0.1723,19696,687319111
0.1722,19693,687338804
0.1721,20052,687358856
0.172,19282,687378138
0.1719,19698,687397836
0.1718,19031,687416867
0.1717,19165,687436032
0.1716,18938,687454970
0.1715,18832,687473802
0.1714,18932,687492734
0.1713,18703,687511437
0.1712,18584,687530021
0.1711,18821,687548842
0.171,18573,687567415
0.1709,18540,687585955
0.1708,18323,687604278
0.1707,18339,687622617
0.1706,18399,687641016
0.1705,18624,687659640
0.1704,18291,687677931
0.1703,18130,687696061
0.1702,18590,687714651
0.1701,17443,687732094
0.17,18041,687750135
0.1699,18018,687768153
0.1698,17915,687786068
0.1697,17521,687803589
0.1696,17506,687821095
0.1695,17478,687838573
0.1694,17444,687856017
0.1693,17262,687873279
0.1692,17084,687890363
0.1691,16854,687907217
0.169,17180,687924397
0.1689,17091,687941488
0.1688,16861,687958349
0.1687,16726,687975075
0.1686,17062,687992137
0.1685,16968,688009105
0.1684,16351,688025456
0.1683,16959,688042415
0.1682,16485,688058900
0.1681,16744,688075644
0.168,16594,688092238
0.1679,16628,688108866
0.1678,16604,688125470
0.1677,16343,688141813
0.1676,16313,688158126
0.1675,16248,688174374
0.1674,15931,688190305
0.1673,16341,688206646
0.1672,15852,688222498
0.1671,16032,688238530
0.167,15902,688254432
0.1669,15954,688270386
0.1668,15693,688286079
0.1667,15748,688301827
0.1666,15261,688317088
0.1665,15572,688332660
0.1664,15849,688348509
0.1663,15762,688364271
0.1662,15404,688379675
0.1661,15021,688394696
0.166,15608,688410304
0.1659,15311,688425615
0.1658,15062,688440677
0.1657,14998,688455675
0.1656,14854,688470529
0.1655,14664,688485193
0.1654,14904,688500097
0.1653,15005,688515102
0.1652,14976,688530078
0.1651,14519,688544597
0.165,14595,688559192
0.1649,14212,688573404
0.1648,14310,688587714
0.1647,14296,688602010
0.1646,14388,688616398
0.1645,14053,688630451
0.1644,14317,688644768
0.1643,13805,688658573
0.1642,14162,688672735
0.1641,13911,688686646
0.164,13921,688700567
0.1639,14070,688714637
0.1638,13941,688728578
0.1637,13421,688741999
0.1636,13293,688755292
0.1635,13820,688769112
0.1634,13606,688782718
0.1633,13169,688795887
0.1632,13729,688809616
0.1631,13515,688823131
0.163,13372,688836503
0.1629,13302,688849805
0.1628,13400,688863205
0.1627,13391,688876596
0.1626,13844,688890440
0.1625,12945,688903385
0.1624,13057,688916442
0.1623,13336,688929778
0.1622,13086,688942864
0.1621,12973,688955837
0.162,12584,688968421
0.1619,12521,688980942
0.1618,12537,688993479
0.1617,12405,689005884
0.1616,11989,689017873
0.1615,12506,689030379
0.1614,12285,689042664
0.1613,12362,689055026
0.1612,12333,689067359
0.1611,12408,689079767
0.161,11934,689091701
0.1609,12133,689103834
0.1608,11858,689115692
0.1607,12631,689128323
0.1606,11809,689140132
0.1605,12070,689152202
0.1604,12075,689164277
0.1603,11950,689176227
0.1602,11723,689187950
0.1601,11718,689199668
0.16,11789,689211457
0.1599,11315,689222772
0.1598,11769,689234541
0.1597,11650,689246191
0.1596,11574,689257765
0.1595,11569,689269334
0.1594,11297,689280631
0.1593,11418,689292049
0.1592,11452,689303501
0.1591,11121,689314622
0.159,11256,689325878
0.1589,11164,689337042
0.1588,10926,689347968
0.1587,10905,689358873
0.1586,10941,689369814
0.1585,11061,689380875
0.1584,10879,689391754
0.1583,10764,689402518
0.1582,10650,689413168
0.1581,10686,689423854
0.158,10437,689434291
0.1579,10354,689444645
0.1578,10601,689455246
0.1577,10076,689465322
0.1576,10466,689475788
0.1575,10639,689486427
0.1574,10151,689496578
0.1573,10438,689507016
0.1572,10729,689517745
0.1571,10094,689527839
0.157,10083,689537922
0.1569,10187,689548109
0.1568,10038,689558147
0.1567,10120,689568267
0.1566,9933,689578200
0.1565,10043,689588243
0.1564,9904,689598147
0.1563,9849,689607996
0.1562,9914,689617910
0.1561,9794,689627704
0.156,9470,689637174
0.1559,9753,689646927
0.1558,9733,689656660
0.1557,9558,689666218
0.1556,9435,689675653
0.1555,9437,689685090
0.1554,9327,689694417
0.1553,9619,689704036
0.1552,9161,689713197
0.1551,9722,689722919
0.155,9608,689732527
0.1549,8955,689741482
0.1548,8976,689750458
0.1547,9446,689759904
0.1546,9278,689769182
0.1545,9019,689778201
0.1544,9128,689787329
0.1543,9011,689796340
0.1542,8872,689805212
0.1541,8755,689813967
0.154,8593,689822560
0.1539,8915,689831475
0.1538,8815,689840290
0.1537,8856,689849146
0.1536,8844,689857990
0.1535,8783,689866773
0.1534,8548,689875321
0.1533,8668,689883989
0.1532,8831,689892820
0.1531,8279,689901099
0.153,8549,689909648
0.1529,8237,689917885
0.1528,8464,689926349
0.1527,8415,689934764
0.1526,8142,689942906
0.1525,8312,689951218
0.1524,8086,689959304
0.1523,8344,689967648
0.1522,7829,689975477
0.1521,7921,689983398
0.152,8222,689991620
0.1519,7715,689999335
0.1518,7870,690007205
0.1517,7834,690015039
0.1516,8073,690023112
0.1515,7651,690030763
0.1514,7936,690038699
0.1513,7671,690046370
0.1512,7810,690054180
0.1511,7784,690061964
0.151,7598,690069562
0.1509,7534,690077096
0.1508,7666,690084762
0.1507,7475,690092237
0.1506,7539,690099776
0.1505,7322,690107098
0.1504,7558,690114656
0.1503,7448,690122104
0.1502,7540,690129644
0.1501,7332,690136976
0.15,7207,690144183
0.1499,7197,690151380
0.1498,7226,690158606
0.1497,7146,690165752
0.1496,7060,690172812
0.1495,7134,690179946
0.1494,7128,690187074
0.1493,6973,690194047
0.1492,6899,690200946
0.1491,7120,690208066
0.149,6709,690214775
0.1489,6813,690221588
0.1488,6896,690228484
0.1487,6770,690235254
0.1486,6511,690241765
0.1485,6958,690248723
0.1484,6806,690255529
0.1483,6589,690262118
0.1482,6588,690268706
0.1481,6874,690275580
0.148,6540,690282120
0.1479,6540,690288660
0.1478,6528,690295188
0.1477,6767,690301955
0.1476,6521,690308476
0.1475,6127,690314603
0.1474,6411,690321014
0.1473,6449,690327463
0.1472,6389,690333852
0.1471,6400,690340252
0.147,6293,690346545
0.1469,6332,690352877
0.1468,6251,690359128
0.1467,6186,690365314
0.1466,6089,690371403
0.1465,6041,690377444
0.1464,6161,690383605
0.1463,6229,690389834
0.1462,6030,690395864
0.1461,6004,690401868
0.146,5817,690407685
0.1459,5926,690413611
0.1458,5723,690419334
0.1457,6043,690425377
0.1456,5857,690431234
0.1455,5968,690437202
0.1454,5844,690443046
0.1453,5687,690448733
0.1452,5806,690454539
0.1451,5775,690460314
0.145,5944,690466258
0.1449,5992,690472250
0.1448,5559,690477809
0.1447,5618,690483427
0.1446,5701,690489128
0.1445,5478,690494606
0.1444,5468,690500074
0.1443,5485,690505559
0.1442,5393,690510952
0.1441,5270,690516222
0.144,5377,690521599
0.1439,5246,690526845
0.1438,5424,690532269
0.1437,5399,690537668
0.1436,5179,690542847
0.1435,5400,690548247
0.1434,5281,690553528
0.1433,5433,690558961
0.1432,5272,690564233
0.1431,5231,690569464
0.143,5166,690574630
0.1429,5004,690579634
0.1428,5133,690584767
0.1427,4964,690589731
0.1426,4976,690594707
0.1425,5254,690599961
0.1424,5103,690605064
0.1423,4913,690609977
0.1422,4884,690614861
0.1421,4788,690619649
0.142,4759,690624408
0.1419,4807,690629215
0.1418,5010,690634225
0.1417,4636,690638861
0.1416,5035,690643896
0.1415,5048,690648944
0.1414,4906,690653850
0.1413,4682,690658532
0.1412,4889,690663421
0.1411,4822,690668243
0.141,4664,690672907
0.1409,4874,690677781
0.1408,4732,690682513
0.1407,4530,690687043
0.1406,4687,690691730
0.1405,4502,690696232
0.1404,4423,690700655
0.1403,4534,690705189
0.1402,4786,690709975
0.1401,4418,690714393
0.14,4507,690718900
0.1399,4246,690723146
0.1398,4319,690727465
0.1397,4316,690731781
0.1396,4211,690735992
0.1395,4330,690740322
0.1394,4209,690744531
0.1393,4412,690748943
0.1392,4288,690753231
0.1391,4151,690757382
0.139,4038,690761420
0.1389,4159,690765579
0.1388,4074,690769653
0.1387,3941,690773594
0.1386,4273,690777867
0.1385,4175,690782042
0.1384,4059,690786101
0.1383,4049,690790150
0.1382,3973,690794123
0.1381,4077,690798200
0.138,3917,690802117
0.1379,3772,690805889
0.1378,3776,690809665
0.1377,3850,690813515
0.1376,3737,690817252
0.1375,3874,690821126
0.1374,3867,690824993
0.1373,3811,690828804
0.1372,3868,690832672
0.1371,3798,690836470
0.137,3733,690840203
0.1369,3841,690844044
0.1368,3787,690847831
0.1367,3661,690851492
0.1366,3530,690855022
0.1365,3569,690858591
0.1364,3540,690862131
0.1363,3620,690865751
0.1362,3711,690869462
0.1361,3651,690873113
0.136,3563,690876676
0.1359,3546,690880222
0.1358,3553,690883775
0.1357,3538,690887313
0.1356,3439,690890752
0.1355,3496,690894248
0.1354,3516,690897764
0.1353,3263,690901027
0.1352,3521,690904548
0.1351,3503,690908051
0.135,3349,690911400
0.1349,3485,690914885
0.1348,3205,690918090
0.1347,3411,690921501
0.1346,3370,690924871
0.1345,3279,690928150
0.1344,3130,690931280
0.1343,2945,690934225
0.1342,3258,690937483
0.1341,3397,690940880
0.134,3236,690944116
0.1339,3273,690947389
0.1338,2985,690950374
0.1337,3102,690953476
0.1336,3317,690956793
0.1335,3189,690959982
0.1334,3315,690963297
0.1333,3123,690966420
0.1332,3013,690969433
0.1331,3029,690972462
0.133,2960,690975422
0.1329,3058,690978480
0.1328,2846,690981326
0.1327,3040,690984366
0.1326,2933,690987299
0.1325,2787,690990086
0.1324,3179,690993265
0.1323,3072,690996337
0.1322,2875,690999212
0.1321,2900,691002112
0.132,2798,691004910
0.1319,2899,691007809
0.1318,2829,691010638
0.1317,2891,691013529
0.1316,2823,691016352
0.1315,2928,691019280
0.1314,2769,691022049
0.1313,2654,691024703
0.1312,2760,691027463
0.1311,2763,691030226
0.131,2818,691033044
0.1309,2740,691035784
0.1308,2612,691038396
0.1307,2947,691041343
0.1306,2598,691043941
0.1305,2600,691046541
0.1304,2548,691049089
0.1303,2340,691051429
0.1302,2632,691054061
0.1301,2328,691056389
0.13,2573,691058962
0.1299,2634,691061596
0.1298,2516,691064112
0.1297,2513,691066625
0.1296,2541,691069166
0.1295,2473,691071639
0.1294,2329,691073968
0.1293,2305,691076273
0.1292,2596,691078869
0.1291,2392,691081261
0.129,2386,691083647
0.1289,2499,691086146
0.1288,2484,691088630
0.1287,2310,691090940
0.1286,2512,691093452
0.1285,2362,691095814
0.1284,2350,691098164
0.1283,2252,691100416
0.1282,2234,691102650
0.1281,2271,691104921
0.128,2411,691107332
0.1279,2274,691109606
0.1278,2282,691111888
0.1277,2187,691114075
0.1276,2264,691116339
0.1275,2190,691118529
0.1274,2086,691120615
0.1273,2216,691122831
0.1272,2245,691125076
0.1271,2173,691127249
0.127,2192,691129441
0.1269,2154,691131595
0.1268,2038,691133633
0.1267,2320,691135953
0.1266,2030,691137983
0.1265,2215,691140198
0.1264,2100,691142298
0.1263,2057,691144355
0.1262,2071,691146426
0.1261,2060,691148486
0.126,2012,691150498
0.1259,1909,691152407
0.1258,2054,691154461
0.1257,1885,691156346
0.1256,1969,691158315
0.1255,1990,691160305
0.1254,1914,691162219
0.1253,2100,691164319
0.1252,1956,691166275
0.1251,1937,691168212
0.125,1981,691170193
0.1249,1978,691172171
0.1248,1906,691174077
0.1247,1876,691175953
0.1246,1812,691177765
0.1245,1942,691179707
0.1244,1900,691181607
0.1243,1788,691183395
0.1242,1960,691185355
0.1241,1822,691187177
0.124,1843,691189020
0.1239,1885,691190905
0.1238,1742,691192647
0.1237,1834,691194481
0.1236,1915,691196396
0.1235,1854,691198250
0.1234,1690,691199940
0.1233,1692,691201632
0.1232,1751,691203383
0.1231,1664,691205047
0.123,1819,691206866
0.1229,1689,691208555
0.1228,1815,691210370
0.1227,1721,691212091
0.1226,1649,691213740
0.1225,1513,691215253
0.1224,1606,691216859
0.1223,1566,691218425
0.1222,1572,691219997
0.1221,1554,691221551
0.122,1677,691223228
0.1219,1545,691224773
0.1218,1595,691226368
0.1217,1487,691227855
0.1216,1638,691229493
0.1215,1506,691230999
0.1214,1498,691232497
0.1213,1467,691233964
0.1212,1543,691235507
0.1211,1574,691237081
0.121,1554,691238635
0.1209,1458,691240093
0.1208,1591,691241684
0.1207,1512,691243196
0.1206,1604,691244800
0.1205,1444,691246244
0.1204,1439,691247683
0.1203,1487,691249170
0.1202,1509,691250679
0.1201,1380,691252059
0.12,1433,691253492
0.1199,1450,691254942
0.1198,1390,691256332
0.1197,1422,691257754
0.1196,1395,691259149
0.1195,1364,691260513
0.1194,1451,691261964
0.1193,1225,691263189
0.1192,1474,691264663
0.1191,1342,691266005
0.119,1452,691267457
0.1189,1286,691268743
0.1188,1315,691270058
0.1187,1402,691271460
0.1186,1282,691272742
0.1185,1350,691274092
0.1184,1395,691275487
0.1183,1266,691276753
0.1182,1320,691278073
0.1181,1214,691279287
0.118,1442,691280729
0.1179,1245,691281974
0.1178,1357,691283331
0.1177,1236,691284567
0.1176,1171,691285738
0.1175,1286,691287024
0.1174,1250,691288274
0.1173,1154,691289428
0.1172,1121,691290549
0.1171,1198,691291747
0.117,1200,691292947
0.1169,1192,691294139
0.1168,1037,691295176
0.1167,1166,691296342
0.1166,1241,691297583
0.1165,1127,691298710
0.1164,1177,691299887
0.1163,1098,691300985
0.1162,1058,691302043
0.1161,1124,691303167
0.116,1118,691304285
0.1159,1125,691305410
0.1158,1089,691306499
0.1157,1070,691307569
0.1156,1126,691308695
0.1155,1085,691309780
0.1154,1065,691310845
0.1153,1094,691311939
0.1152,1036,691312975
0.1151,1147,691314122
0.115,968,691315090
0.1149,941,691316031
0.1148,1075,691317106
0.1147,1029,691318135
0.1146,977,691319112
0.1145,1003,691320115
0.1144,1060,691321175
0.1143,955,691322130
0.1142,1053,691323183
0.1141,929,691324112
0.114,886,691324998
0.1139,1022,691326020
0.1138,1023,691327043
0.1137,821,691327864
0.1136,881,691328745
0.1135,962,691329707
0.1134,951,691330658
0.1133,946,691331604
0.1132,917,691332521
0.1131,947,691333468
0.113,883,691334351
0.1129,852,691335203
0.1128,938,691336141
0.1127,811,691336952
0.1126,907,691337859
0.1125,958,691338817
0.1124,920,691339737
0.1123,882,691340619
0.1122,772,691341391
0.1121,776,691342167
0.112,735,691342902
0.1119,821,691343723
0.1118,829,691344552
0.1117,776,691345328
0.1116,894,691346222
0.1115,818,691347040
0.1114,892,691347932
0.1113,897,691348829
0.1112,872,691349701
0.1111,772,691350473
0.111,756,691351229
0.1109,771,691352000
0.1108,807,691352807
0.1107,895,691353702
0.1106,736,691354438
0.1105,757,691355195
0.1104,748,691355943
0.1103,834,691356777
0.1102,727,691357504
0.1101,705,691358209
0.11,795,691359004
0.1099,694,691359698
0.1098,651,691360349
0.1097,824,691361173
0.1096,693,691361866
0.1095,770,691362636
0.1094,668,691363304
0.1093,674,691363978
0.1092,690,691364668
0.1091,674,691365342
0.109,731,691366073
0.1089,721,691366794
0.1088,645,691367439
0.1087,700,691368139
0.1086,720,691368859
0.1085,630,691369489
0.1084,599,691370088
0.1083,734,691370822
0.1082,635,691371457
0.1081,598,691372055
0.108,623,691372678
0.1079,620,691373298
0.1078,687,691373985
0.1077,658,691374643
0.1076,709,691375352
0.1075,590,691375942
0.1074,812,691376754
0.1073,628,691377382
0.1072,696,691378078
0.1071,620,691378698
0.107,562,691379260
0.1069,607,691379867
0.1068,545,691380412
0.1067,575,691380987
0.1066,646,691381633
0.1065,596,691382229
0.1064,546,691382775
0.1063,605,691383380
0.1062,541,691383921
0.1061,513,691384434
0.106,688,691385122
0.1059,488,691385610
0.1058,605,691386215
0.1057,589,691386804
0.1056,568,691387372
0.1055,635,691388007
0.1054,553,691388560
0.1053,579,691389139
0.1052,550,691389689
0.1051,579,691390268
0.105,520,691390788
0.1049,459,691391247
0.1048,514,691391761
0.1047,486,691392247
0.1046,517,691392764
0.1045,559,691393323
0.1044,546,691393869
0.1043,425,691394294
0.1042,477,691394771
0.1041,495,691395266
0.104,417,691395683
0.1039,472,691396155
0.1038,452,691396607
0.1037,432,691397039
0.1036,514,691397553
0.1035,425,691397978
0.1034,512,691398490
0.1033,448,691398938
0.1032,483,691399421
0.1031,424,691399845
0.103,475,691400320
0.1029,455,691400775
0.1028,488,691401263
0.1027,452,691401715
0.1026,492,691402207
0.1025,495,691402702
0.1024,492,691403194
0.1023,389,691403583
0.1022,475,691404058
0.1021,436,691404494
0.102,499,691404993
0.1019,470,691405463
0.1018,425,691405888
0.1017,449,691406337
0.1016,391,691406728
0.1015,386,691407114
0.1014,412,691407526
0.1013,410,691407936
0.1012,392,691408328
0.1011,363,691408691
0.101,453,691409144
0.1009,458,691409602
0.1008,396,691409998
0.1007,377,691410375
0.1006,405,691410780
0.1005,370,691411150
0.1004,353,691411503
0.1003,370,691411873
0.1002,363,691412236
0.1001,354,691412590
0.1,297,691412887
0.0999,380,691413267
0.0998,321,691413588
0.0997,344,691413932
0.0996,412,691414344
0.0995,382,691414726
0.0994,351,691415077
0.0993,309,691415386
0.0992,407,691415793
0.0991,301,691416094
0.099,362,691416456
0.0989,303,691416759
0.0988,351,691417110
0.0987,373,691417483
0.0986,304,691417787
0.0985,354,691418141
0.0984,380,691418521
0.0983,325,691418846
0.0982,273,691419119
0.0981,301,691419420
0.098,352,691419772
0.0979,305,691420077
0.0978,302,691420379
0.0977,282,691420661
0.0976,379,691421040
0.0975,298,691421338
0.0974,281,691421619
0.0973,311,691421930
0.0972,269,691422199
0.0971,303,691422502
0.097,280,691422782
0.0969,272,691423054
0.0968,270,691423324
0.0967,271,691423595
0.0966,253,691423848
0.0965,295,691424143
0.0964,246,691424389
0.0963,298,691424687
0.0962,243,691424930
0.0961,252,691425182
0.096,226,691425408
0.0959,268,691425676
0.0958,250,691425926
0.0957,278,691426204
0.0956,241,691426445
0.0955,243,691426688
0.0954,293,691426981
0.0953,262,691427243
0.0952,216,691427459
0.0951,254,691427713
0.095,231,691427944
0.0949,278,691428222
0.0948,248,691428470
0.0947,197,691428667
0.0946,200,691428867
0.0945,257,691429124
0.0944,235,691429359
0.0943,193,691429552
0.0942,224,691429776
0.0941,190,691429966
0.094,215,691430181
0.0939,243,691430424
0.0938,248,691430672
0.0937,243,691430915
0.0936,254,691431169
0.0935,304,691431473
0.0934,212,691431685
0.0933,154,691431839
0.0932,191,691432030
0.0931,187,691432217
0.093,244,691432461
0.0929,198,691432659
0.0928,220,691432879
0.0927,255,691433134
0.0926,226,691433360
0.0925,209,691433569
0.0924,229,691433798
0.0923,203,691434001
0.0922,188,691434189
0.0921,183,691434372
0.092,228,691434600
0.0919,219,691434819
0.0918,262,691435081
0.0917,196,691435277
0.0916,175,691435452
0.0915,223,691435675
0.0914,168,691435843
0.0913,167,691436010
0.0912,148,691436158
0.0911,151,691436309
0.091,202,691436511
0.0909,181,691436692
0.0908,179,691436871
0.0907,177,691437048
0.0906,168,691437216
0.0905,261,691437477
0.0904,196,691437673
0.0903,196,691437869
0.0902,187,691438056
0.0901,160,691438216
0.09,169,691438385
0.0899,171,691438556
0.0898,200,691438756
0.0897,156,691438912
0.0896,160,691439072
0.0895,169,691439241
0.0894,198,691439439
0.0893,140,691439579
0.0892,156,691439735
0.0891,171,691439906
0.089,98,691440004
0.0889,197,691440201
0.0888,211,691440412
0.0887,142,691440554
0.0886,173,691440727
0.0885,145,691440872
0.0884,159,691441031
0.0883,113,691441144
0.0882,143,691441287
0.0881,146,691441433
0.088,154,691441587
0.0879,114,691441701
0.0878,127,691441828
0.0877,128,691441956
0.0876,158,691442114
0.0875,130,691442244
0.0874,158,691442402
0.0873,147,691442549
0.0872,107,691442656
0.0871,124,691442780
0.087,127,691442907
0.0869,167,691443074
0.0868,174,691443248
0.0867,144,691443392
0.0866,143,691443535
0.0865,201,691443736
0.0864,121,691443857
0.0863,123,691443980
0.0862,117,691444097
0.0861,107,691444204
0.086,135,691444339
0.0859,127,691444466
0.0858,124,691444590
0.0857,112,691444702
0.0856,122,691444824
0.0855,106,691444930
0.0854,107,691445037
0.0853,111,691445148
0.0852,104,691445252
0.0851,86,691445338
0.085,99,691445437
0.0849,74,691445511
0.0848,111,691445622
0.0847,132,691445754
0.0846,105,691445859
0.0845,119,691445978
0.0844,78,691446056
0.0843,84,691446140
0.0842,88,691446228
0.0841,85,691446313
0.084,96,691446409
0.0839,106,691446515
0.0838,91,691446606
0.0837,84,691446690
0.0836,118,691446808
0.0835,110,691446918
0.0834,80,691446998
0.0833,83,691447081
0.0832,76,691447157
0.0831,103,691447260
0.083,77,691447337
0.0829,76,691447413
0.0828,106,691447519
0.0827,85,691447604
0.0826,65,691447669
0.0825,117,691447786
0.0824,118,691447904
0.0823,112,691448016
0.0822,97,691448113
0.0821,79,691448192
0.082,74,691448266
0.0819,93,691448359
0.0818,85,691448444
0.0817,95,691448539
0.0816,78,691448617
0.0815,80,691448697
0.0814,79,691448776
0.0813,79,691448855
0.0812,55,691448910
0.0811,84,691448994
0.081,63,691449057
0.0809,84,691449141
0.0808,82,691449223
0.0807,94,691449317
0.0806,51,691449368
0.0805,121,691449489
0.0804,84,691449573
0.0803,76,691449649
0.0802,85,691449734
0.0801,85,691449819
0.08,80,691449899
0.0799,107,691450006
0.0798,34,691450040
0.0797,48,691450088
0.0796,68,691450156
0.0795,67,691450223
0.0794,62,691450285
0.0793,97,691450382
0.0792,90,691450472
0.0791,63,691450535
0.079,85,691450620
0.0789,61,691450681
0.0788,71,691450752
0.0787,46,691450798
0.0786,82,691450880
0.0785,58,691450938
0.0784,48,691450986
0.0783,87,691451073
0.0782,55,691451128
0.0781,41,691451169
0.078,59,691451228
0.0779,65,691451293
0.0778,67,691451360
0.0777,60,691451420
0.0776,41,691451461
0.0775,66,691451527
0.0774,73,691451600
0.0773,55,691451655
0.0772,69,691451724
0.0771,61,691451785
0.077,86,691451871
0.0769,72,691451943
0.0768,65,691452008
0.0767,47,691452055
0.0766,48,691452103
0.0765,79,691452182
0.0764,56,691452238
0.0763,51,691452289
0.0762,73,691452362
0.0761,46,691452408
0.076,49,691452457
0.0759,38,691452495
0.0758,39,691452534
0.0757,36,691452570
0.0756,43,691452613
0.0755,72,691452685
0.0754,34,691452719
0.0753,29,691452748
0.0752,37,691452785
0.0751,72,691452857
0.075,40,691452897
0.0749,36,691452933
0.0748,55,691452988
0.0747,48,691453036
0.0746,64,691453100
0.0745,32,691453132
0.0744,74,691453206
0.0743,41,691453247
0.0742,25,691453272
0.0741,34,691453306
0.074,57,691453363
0.0739,31,691453394
0.0738,47,691453441
0.0737,23,691453464
0.0736,27,691453491
0.0735,52,691453543
0.0734,36,691453579
0.0733,41,691453620
0.0732,60,691453680
0.0731,17,691453697
0.073,55,691453752
0.0729,20,691453772
0.0728,64,691453836
0.0727,34,691453870
0.0726,42,691453912
0.0725,33,691453945
0.0724,30,691453975
0.0723,6,691453981
0.0722,17,691453998
0.0721,27,691454025
0.072,20,691454045
0.0719,19,691454064
0.0718,48,691454112
0.0717,18,691454130
0.0716,40,691454170
0.0715,35,691454205
0.0714,28,691454233
0.0713,28,691454261
0.0712,59,691454320
0.0711,45,691454365
0.071,24,691454389
0.0709,39,691454428
0.0708,38,691454466
0.0707,24,691454490
0.0706,21,691454511
0.0705,25,691454536
0.0704,31,691454567
0.0703,20,691454587
0.0702,18,691454605
0.0701,39,691454644
0.07,38,691454682
0.0699,14,691454696
0.0698,20,691454716
0.0697,24,691454740
0.0696,32,691454772
0.0695,35,691454807
0.0694,35,691454842
0.0693,25,691454867
0.0692,29,691454896
0.0691,11,691454907
0.069,23,691454930
0.0689,26,691454956
0.0688,26,691454982
0.0687,23,691455005
0.0686,32,691455037
0.0685,21,691455058
0.0684,35,691455093
0.0683,19,691455112
0.0682,13,691455125
0.0681,29,691455154
0.068,27,691455181
0.0679,15,691455196
0.0678,27,691455223
0.0677,23,691455246
0.0676,15,691455261
0.0675,8,691455269
0.0674,12,691455281
0.0673,11,691455292
0.0672,24,691455316
0.0671,26,691455342
0.067,38,691455380
0.0669,32,691455412
0.0668,37,691455449
0.0667,29,691455478
0.0666,13,691455491
0.0665,17,691455508
0.0664,25,691455533
0.0663,22,691455555
0.0662,6,691455561
0.0661,14,691455575
0.066,24,691455599
0.0659,7,691455606
0.0658,14,691455620
0.0657,14,691455634
0.0656,19,691455653
0.0655,14,691455667
0.0654,10,691455677
0.0653,19,691455696
0.0652,23,691455719
0.0651,20,691455739
0.065,24,691455763
0.0649,24,691455787
0.0648,15,691455802
0.0647,22,691455824
0.0646,12,691455836
0.0645,14,691455850
0.0644,19,691455869
0.0643,14,691455883
0.0642,31,691455914
0.0641,3,691455917
0.064,24,691455941
0.0639,25,691455966
0.0638,34,691456000
0.0637,4,691456004
0.0636,19,691456023
0.0635,25,691456048
0.0634,8,691456056
0.0633,11,691456067
0.0632,14,691456081
0.0631,18,691456099
0.063,36,691456135
0.0629,14,691456149
0.0628,22,691456171
0.0627,6,691456177
0.0626,11,691456188
0.0625,17,691456205
0.0624,4,691456209
0.0623,14,691456223
0.0622,18,691456241
0.0621,6,691456247
0.062,11,691456258
0.0619,9,691456267
0.0618,8,691456275
0.0617,27,691456302
0.0616,10,691456312
0.0615,3,691456315
0.0614,11,691456326
0.0613,7,691456333
0.0612,10,691456343
0.0611,10,691456353
0.061,12,691456365
0.0609,2,691456367
0.0608,4,691456371
0.0607,5,691456376
0.0606,16,691456392
0.0605,5,691456397
0.0604,12,691456409
0.0603,9,691456418
0.0602,15,691456433
0.0601,4,691456437
0.06,14,691456451
0.0599,2,691456453
0.0598,11,691456464
0.0597,7,691456471
0.0596,16,691456487
0.0595,3,691456490
0.0594,9,691456499
0.0593,5,691456504
0.0592,20,691456524
0.0591,7,691456531
0.059,3,691456534
0.0589,10,691456544
0.0588,26,691456570
0.0587,8,691456578
0.0586,5,691456583
0.0585,7,691456590
0.0584,12,691456602
0.0583,6,691456608
0.0582,5,691456613
0.0581,10,691456623
0.058,5,691456628
0.0579,12,691456640
0.0578,10,691456650
0.0577,1,691456651
0.0576,5,691456656
0.0575,3,691456659
0.0574,8,691456667
0.0573,2,691456669
0.0572,9,691456678
0.057,10,691456688
0.0569,9,691456697
0.0568,6,691456703
0.0567,7,691456710
0.0566,20,691456730
0.0565,6,691456736
0.0564,23,691456759
0.0563,16,691456775
0.0562,4,691456779
0.0561,6,691456785
0.056,8,691456793
0.0559,13,691456806
0.0557,9,691456815
0.0556,2,691456817
0.0555,11,691456828
0.0554,7,691456835
0.0553,6,691456841
0.0552,3,691456844
0.0551,3,691456847
0.055,2,691456849
0.0549,6,691456855
0.0548,7,691456862
0.0547,6,691456868
0.0546,5,691456873
0.0545,7,691456880
0.0544,10,691456890
0.0543,7,691456897
0.0541,2,691456899
0.054,7,691456906
0.0539,5,691456911
0.0538,13,691456924
0.0536,6,691456930
0.0535,8,691456938
0.0534,3,691456941
0.0533,2,691456943
0.0531,2,691456945
0.053,4,691456949
0.0529,6,691456955
0.0526,7,691456962
0.0525,2,691456964
0.0524,3,691456967
0.0523,4,691456971
0.0522,2,691456973
0.0521,3,691456976
0.052,5,691456981
0.0518,1,691456982
0.0517,7,691456989
0.0515,4,691456993
0.0514,3,691456996
0.0512,3,691456999
0.051,1,691457000
0.0509,2,691457002
0.0508,3,691457005
0.0505,2,691457007
0.0504,16,691457023
0.0503,5,691457028
0.0502,7,691457035
0.0501,2,691457037
0.05,3,691457040
0.0499,4,691457044
0.0498,3,691457047
0.0497,4,691457051
0.0494,4,691457055
0.0492,5,691457060
0.0489,14,691457074
0.0488,5,691457079
0.0486,4,691457083
0.0485,3,691457086
0.0484,2,691457088
0.0483,4,691457092
0.0478,1,691457093
0.0473,1,691457094
0.0472,2,691457096
0.0471,3,691457099
0.047,4,691457103
0.0468,2,691457105
0.0466,9,691457114
0.0464,3,691457117
0.0463,5,691457122
0.0461,3,691457125
0.046,1,691457126
0.0459,3,691457129
0.0457,2,691457131
0.0456,2,691457133
0.0454,1,691457134
0.0447,5,691457139
0.0446,2,691457141
0.0445,3,691457144
0.0443,2,691457146
0.0442,1,691457147
0.0436,1,691457148
0.0434,1,691457149
0.0429,2,691457151
0.0426,2,691457153
0.0416,4,691457157
0.0409,4,691457161
0.0385,2,691457163
0.0384,2,691457165
0.0379,1,691457166
0.0374,2,691457168
0.0372,3,691457171
0.0371,3,691457174
0.0366,2,691457176
0.0335,2,691457178
0.0332,6,691457184
